m020 80 301 211 1.01
m074 80 263 550 1.03
l047 400 977 168 1.04
l094 400 996 551 1.04
l095 400 1151 815 1.04
s005 20 108 131 1.05
m081 80 337 1134 1.08
m086 80 670 43 1.1
m030 80 215 745 1.11
l051 400 1150 120 1.12
s065 20 38 865 1.12
m028 80 44 180 1.13
s042 20 244 999 1.13
s098 20 973 517 1.13
l074 400 1103 429 1.15
l016 400 1065 471 1.16
m035 80 1089 727 1.17
l019 400 805 1184 1.21
m015 80 387 841 1.22
m071 80 1010 1127 1.24
s029 20 806 876 1.24
m013 80 641 772 1.27
l098 400 483 776 1.3
s036 20 513 172 1.3
l023 400 113 655 1.31
l048 400 734 865 1.31
s044 20 455 869 1.33
m026 80 58 386 1.34
s097 20 802 674 1.35
s096 20 119 1002 1.36
l088 400 492 848 1.37
m085 80 1109 296 1.38
s034 20 1089 265 1.38
s066 20 279 789 1.38
l093 400 52 305 1.39
l066 400 524 409 1.43
s014 20 632 1054 1.43
s095 20 702 900 1.43
l089 400 376 819 1.45
l013 400 995 260 1.47
m025 80 281 246 1.48
m078 80 901 291 1.48
m099 80 245 705 1.5
m034 80 1037 1079 1.51
l045 400 1163 90 1.53
l050 400 967 1147 1.54
m033 80 927 1021 1.54
l090 400 657 643 1.56
s061 20 608 922 1.56
m021 80 230 650 1.57
m073 80 829 313 1.57
s016 20 1034 675 1.59
s074 20 27 15 1.62
l022 400 395 58 1.63
m045 80 1038 343 1.63
m060 80 12 1138 1.63
s032 20 741 109 1.64
s054 20 682 482 1.64
s085 20 1003 1152 1.64
l042 400 707 1141 1.68
m049 80 1033 254 1.68
l070 400 144 462 1.69
s001 20 130 640 1.69
m042 80 1094 148 1.71
l039 400 473 462 1.73
l083 400 801 1116 1.73
l017 400 429 259 1.74
l060 400 644 1174 1.74
l056 400 1144 1148 1.76
m031 80 369 924 1.79
s052 20 677 1139 1.79
m038 80 760 995 1.8
l081 400 913 957 1.81
m066 80 234 1026 1.81
l033 400 1007 1101 1.82
m079 80 1051 362 1.83
l012 400 653 637 1.86
s028 20 1154 813 1.87
l099 400 686 306 1.88
l000 400 301 1024 1.89
s041 20 81 841 1.89
l084 400 753 412 1.92
m057 80 1029 2 1.92
l067 400 995 1195 1.96
m027 80 648 280 1.96
l024 400 1188 1167 1.97
s046 20 648 1131 2.01
l046 400 578 1103 2.02
m062 80 883 999 2.03
l020 400 288 225 2.05
m005 80 58 30 2.07
s067 20 470 468 2.07
m051 80 1128 125 2.09
m008 80 835 225 2.1
m054 80 887 442 2.11
s019 20 308 181 2.12
l040 400 712 758 2.14
l076 400 708 1159 2.14
m016 80 1180 468 2.17
l068 400 956 854 2.18
s025 20 128 1178 2.23
m065 80 583 240 2.25
m089 80 810 556 2.26
s079 20 700 1091 2.27
m023 80 7 6 2.28
l064 400 531 852 2.29
m090 80 38 1055 2.29
m095 80 328 713 2.35
m018 80 219 240 2.36
s049 20 930 921 2.36
l087 400 973 641 2.37
s039 20 1046 788 2.37
l031 400 347 257 2.38
s027 20 122 11 2.38
l005 400 586 275 2.41
m091 80 126 184 2.44
l080 400 1111 216 2.46
s010 20 505 322 2.46
m006 80 1056 1167 2.48
m017 80 931 132 2.51
m022 80 52 895 2.52
l014 400 497 447 2.54
m011 80 1101 590 2.56
m070 80 562 808 2.56
m056 80 285 610 2.59
m052 80 823 1104 2.61
m084 80 130 906 2.61
l086 400 1145 932 2.62
l091 400 1168 1124 2.63
l015 400 949 361 2.64
m044 80 567 493 2.66
s003 20 619 1062 2.69
m093 80 448 576 2.7
s018 20 1056 369 2.71
s048 20 988 792 2.71
s057 20 965 170 2.73
l008 400 115 391 2.74
l096 400 581 362 2.76
m063 80 435 751 2.76
l085 400 261 1017 2.77
m040 80 293 131 2.77
s089 20 838 186 2.77
l058 400 915 348 2.79
l006 400 807 677 2.8
l044 400 600 1148 2.8
s091 20 157 481 2.8
l025 400 882 1012 2.83
l003 400 963 1155 2.85
m012 80 422 490 2.85
s073 20 615 564 2.86
l011 400 591 524 2.92
l092 400 898 200 2.96
m087 80 760 993 2.96
m096 80 1052 322 2.96
l082 400 1064 385 3.02
l002 400 23 382 3.03
l038 400 25 808 3.05
m036 80 1094 798 3.07
s017 20 124 965 3.08
s050 20 367 611 3.09
m003 80 776 829 3.11
m098 80 421 1163 3.13
s075 20 1094 149 3.13
l078 400 402 727 3.15
s023 20 724 631 3.16
l077 400 319 806 3.17
l073 400 602 243 3.19
s069 20 853 212 3.21
m046 80 25 35 3.22
s059 20 932 222 3.24
l029 400 373 589 3.27
l063 400 84 781 3.27
m077 80 914 1034 3.28
s093 20 923 986 3.28
s053 20 890 297 3.29
m029 80 1027 752 3.3
s045 20 393 1063 3.3
s007 20 758 508 3.31
s076 20 194 1019 3.31
l097 400 198 545 3.33
l007 400 897 727 3.35
s024 20 319 914 3.37
l059 400 150 663 3.38
m064 80 328 450 3.43
m092 80 167 25 3.43
s084 20 363 563 3.44
m058 80 1081 715 3.45
m068 80 1081 328 3.46
m032 80 911 103 3.48
s082 20 737 1145 3.48
s092 20 285 766 3.48
s060 20 469 994 3.52
m007 80 599 1059 3.53
s063 20 871 466 3.53
l054 400 1176 374 3.54
m088 80 760 875 3.54
l079 400 167 612 3.55
m041 80 304 148 3.57
l030 400 177 1169 3.59
s078 20 1068 166 3.6
l061 400 116 501 3.61
s008 20 1163 26 3.61
l071 400 1190 258 3.64
l053 400 724 554 3.65
m010 80 1005 154 3.65
l027 400 657 388 3.67
l043 400 954 177 3.68
m039 80 416 691 3.71
m024 80 1177 938 3.73
m097 80 692 413 3.75
s000 20 115 848 3.75
m009 80 386 1199 3.78
s004 20 70 185 3.8
s031 20 734 699 3.8
m072 80 614 1026 3.81
s051 20 590 1066 3.81
s080 20 276 1139 3.81
m014 80 657 225 3.82
s071 20 388 446 3.82
m061 80 466 1128 3.83
m083 80 663 1084 3.83
s006 20 587 235 3.83
s062 20 1151 309 3.83
m000 80 981 148 3.84
s047 20 75 1079 3.84
s087 20 273 775 3.84
l062 400 606 49 3.85
m059 80 333 781 3.85
s012 20 357 67 3.87
s099 20 369 1197 3.87
s035 20 996 501 3.92
m069 80 793 772 3.95
l028 400 1116 93 3.97
m080 80 1125 819 3.99
l041 400 520 526 4.01
l072 400 503 170 4.01
m019 80 1085 988 4.03
m075 80 202 896 4.03
l069 400 747 449 4.04
m002 80 300 824 4.04
m048 80 1068 1152 4.06
l065 400 352 332 4.08
m047 80 785 922 4.09
s002 20 1150 936 4.1
m004 80 47 777 4.11
s038 20 671 1132 4.11
s083 20 812 253 4.13
s072 20 133 433 4.17
m067 80 24 577 4.19
s013 20 250 719 4.23
s026 20 199 522 4.23
l001 400 1063 1117 4.24
m055 80 651 1032 4.24
s070 20 21 320 4.25
l075 400 9 626 4.28
l009 400 738 494 4.29
s064 20 1069 488 4.29
m082 80 453 135 4.3
l049 400 428 81 4.31
l034 400 861 747 4.33
s055 20 926 716 4.36
s030 20 729 706 4.37
m001 80 450 489 4.41
s037 20 512 243 4.41
s086 20 1129 290 4.43
s021 20 169 752 4.48
s058 20 815 359 4.49
l032 400 874 241 4.5
s011 20 1081 442 4.51
l055 400 159 795 4.52
s068 20 735 699 4.52
l035 400 632 846 4.53
s015 20 895 898 4.54
l052 400 235 473 4.55
s088 20 660 1121 4.56
m037 80 266 615 4.59
l018 400 1151 458 4.63
l037 400 201 716 4.63
l057 400 748 1016 4.66
s020 20 170 638 4.68
m050 80 1065 343 4.69
s056 20 840 1074 4.69
s090 20 742 872 4.69
s094 20 718 208 4.69
s022 20 613 993 4.7
l010 400 496 176 4.73
m043 80 702 399 4.73
s081 20 1198 538 4.74
l021 400 147 392 4.76
m053 80 316 1099 4.76
m076 80 382 367 4.8
l004 400 948 363 4.83
l026 400 831 866 4.83
l036 400 38 110 4.83
s033 20 1108 117 4.84
s009 20 1044 169 4.85
s040 20 903 697 4.86
m094 80 259 544 4.89
s043 20 147 313 4.9
s077 20 241 1027 4.91
