f0609_12 115 350 256 1.01
f3697_32 114 481 441 1.03
f2191_53 116 354 116 1.11
f3386_27 115 474 187 1.09
f3672_20 114 401 477 1.18
f1336_30 112 384 281 1.12
f4000_40 114 339 475 1.19
f2220_72 104 179 416 1.03
f3625_17 107 453 172 1.07
f0202_09 97 301 211 1.01
f3196_35 116 187 482 1.32
f1994_21 103 345 446 1.08
f1473_30 114 193 105 1.32
f2135_53 113 77 320 1.27
f3577_03 114 277 464 1.32
f3318_25 112 288 67 1.2
f1175_48 98 149 468 1.1
f4085_42 103 276 251 1.13
f1757_24 103 297 512 1.15
f0681_47 103 465 167 1.16
f2502_59 104 219 127 1.16
f3299_12 114 186 437 1.38
f1281_28 107 420 131 1.23
f4015_05 103 125 430 1.23
f1089_04 93 330 101 1.07
f0547_28 114 390 107 1.41
f0584_22 96 280 192 1.19
f1362_31 103 397 471 1.24
f3767_45 109 120 393 1.33
f1039_40 107 191 352 1.25
f0911_02 99 144 386 1.27
f3135_37 117 212 235 1.46
f2434_59 102 180 286 1.33
f2182_95 105 520 200 1.15
f2159_53 112 367 343 1.46
f3616_07 105 255 527 1.3
f4075_12 116 239 529 1.54
f0936_34 92 372 334 1.26
f2397_92 109 336 209 1.48
f1484_21 89 138 275 1.15
f2230_67 94 200 397 1.42
f3334_16 97 219 318 1.51
f4066_22 113 200 75 1.18
f3126_20 114 425 255 1.65
f1918_04 87 404 117 1.14
f3944_02 86 138 199 1.1
f2205_74 97 211 398 1.58
f3683_06 113 210 509 1.67
f3302_29 114 269 160 1.71
f3824_05 115 268 89 1.75
f0579_26 85 63 361 1.07
f3520_45 116 341 285 1.79
f3925_41 114 148 488 1.75
f2251_74 87 283 327 1.33
f2595_89 112 362 106 1.69
f4029_29 114 232 209 1.76
f1454_12 96 241 221 1.65
f0345_23 110 108 131 1.05
f1247_15 113 99 188 1.75
f0123_28 97 144 462 1.69
f1001_28 105 485 259 1.65
f1028_20 99 160 434 1.7
f1244_09 98 316 56 1.7
f3750_00 114 141 416 1.81
f0284_34 97 263 550 1.03
f0395_15 114 513 172 1.3
f4096_14 113 318 554 1.5
f0209_30 87 281 246 1.48
f1715_20 114 326 465 1.85
f3860_20 112 298 540 1.8
f0210_17 104 58 386 1.34
f2000_40 112 110 243 1.81
f3878_43 105 458 408 1.72
f3873_37 116 423 263 2.46
f3598_35 116 224 185 2.29
f3156_26 117 435 228 2.19
f3100_44 109 462 145 1.76
f1596_10 88 477 368 1.62
f3667_35 117 211 251 2.71
f3351_27 116 104 205 2.61
f3963_34 115 406 290 2.42
f4004_35 115 369 288 2.37
f3461_23 117 137 376 1.96
f1752_29 115 233 468 1.92
f3596_19 105 315 354 1.75
f2073_06 114 111 183 2.47
f3933_30 114 196 135 2.5
f0036_39 92 429 259 1.74
f3723_03 115 153 297 2.75
f4011_12 114 532 333 2.28
f1704_29 113 130 329 2.43
f3322_40 116 431 149 2.84
f1112_30 114 375 85 2.26
f3862_40 115 321 412 2.79
f2287_60 112 441 376 2.54
f1962_12 114 266 181 2.18
f3327_11 117 109 306 2.95
f3350_11 96 444 371 1.82
f3654_03 113 290 310 2.74
f1397_09 114 275 410 2.16
f2573_61 114 327 551 1.9
f1374_18 113 319 473 2.22
f4001_45 115 403 243 2.89
f3757_19 115 468 382 2.91
f3207_05 112 128 200 2.32
f0162_02 100 52 305 1.39
f3405_07 113 543 241 1.84
f1961_34 84 267 277 1.57
f3962_36 111 112 250 2.56
f2461_99 111 363 302 2.49
f0631_03 112 495 395 2.29
f2180_96 111 104 253 2.62
f1205_25 102 426 380 1.84
f0552_46 79 169 290 1.26
f3276_49 116 167 257 2.99
f3187_33 113 281 131 1.95
f1063_36 114 160 352 2.91
f1958_33 86 88 353 1.69
f3603_14 112 453 291 2.78
f1206_36 105 466 489 1.43
f3171_30 114 410 500 2.06
f0981_17 111 122 346 2.74
f2055_31 96 486 471 1.58
f0116_23 92 524 409 1.43
f0059_21 110 347 257 2.38
f2481_58 112 153 270 1.95
f1806_29 115 435 80 2.06
f0617_30 114 159 228 2.99
f3259_15 114 245 428 2.99
f0041_30 96 395 58 1.63
f0446_03 113 470 468 2.07
f0556_25 109 155 471 2.53
f3781_28 109 437 192 2.57
f3484_17 109 346 56 1.74
f1913_37 110 343 458 2.3
f2118_60 110 421 99 2.3
f3338_15 102 484 410 1.87
f3930_25 112 390 483 2.91
f0843_06 113 239 355 2.05
f0829_00 80 223 168 1.43
f3507_42 109 344 279 2.42
f3631_34 111 426 146 2.18
f4021_01 116 529 203 2.06
f2420_84 117 302 293 3.15
f3950_44 110 502 316 2.83
f4016_16 110 168 231 2.84
f0017_07 109 115 391 2.74
f3601_49 110 370 316 2.22
f4014_43 112 284 279 2.99
f3670_40 108 437 477 2.4
f3476_46 110 130 302 2.16
f3109_30 112 298 527 3
f1158_21 112 152 401 3.02
f1986_20 106 48 308 1.75
f1912_13 109 531 373 2.22
f3569_18 112 234 87 3.04
f1134_40 107 434 387 2.57
f3724_32 107 216 373 2.51
f1403_42 108 349 358 2.31
f2026_32 111 296 165 2.06
f0573_31 107 194 315 2.62
f2062_39 89 495 303 1.85
f1486_35 82 177 487 1.62
f3917_03 115 343 88 3.2
f4047_15 117 541 270 3.15
f3447_20 114 515 415 3.11
f3739_34 105 218 503 1.91
f1590_15 107 329 319 2.79
f1853_42 105 425 366 2.58
f1754_35 104 376 499 2.6
f2405_90 105 325 521 2.5
f1025_22 105 252 260 2.63
f1631_40 109 176 365 1.96
f1337_29 78 323 73 1.43
f2475_66 107 490 397 2.27
f1698_35 105 352 458 1.92
f2162_62 99 150 168 2.4
f3402_08 115 636 74 1.14
f0615_00 113 4 6 1.07
f3681_31 105 397 370 2.37
f1451_24 83 114 366 1.73
f4067_23 116 168 480 3.28
f2190_52 114 219 323 3.23
f2447_93 106 201 239 2.32
f0499_10 98 323 296 2.43
f0683_02 105 113 352 2.32
f2123_63 112 375 506 3.06
f0236_17 104 293 131 2.77
f1352_27 98 386 172 2.46
f0775_24 105 438 213 2.79
f1595_34 105 237 219 2.8
f3785_26 97 417 156 2.26
f3493_27 119 202 247 3.36
f2593_72 105 335 258 2.84
f1370_48 108 226 77 1.97
f3562_47 103 219 254 2.82
f2250_52 105 256 184 2.86
f1441_43 97 343 344 1.95
f2238_86 105 237 351 2.87
f1789_37 110 354 380 3.15
f2203_77 106 217 516 2.19
f3262_45 87 478 308 1.89
f3243_44 117 329 327 3.36
f1186_07 96 432 356 2.19
f3837_30 113 324 295 3.25
f3968_18 117 449 127 3.37
f0989_33 96 142 263 2.52
f0675_24 96 266 356 1.96
f1532_16 109 489 259 3.13
f1179_01 96 300 236 2.56
f0653_02 98 470 284 2.74
f1543_08 106 191 460 2.93
f1398_48 96 454 183 2.15
f3316_22 106 235 65 1.96
f0589_20 94 384 364 2.14
f1167_31 96 239 490 2.12
f3874_15 113 552 307 2.29
f1275_19 105 351 83 3.01
f0756_22 93 127 376 2.09
f1702_13 111 299 165 3.26
f3861_21 117 275 87 3.42
f1605_44 108 479 168 2.99
f1653_02 107 491 222 2
f1082_22 107 102 170 2
f1273_29 104 116 448 2.82
f2127_59 105 351 300 3.07
f0644_19 113 518 183 2.32
f1800_08 104 387 316 2.03
f3804_08 112 452 441 3.35
f0609_12 115 350 256 1.01
f2111_87 113 452 490 3.29
f3640_13 101 363 382 2
f2466_76 106 199 282 3.12
f3663_13 110 738 340 1.11
f3763_41 105 319 506 3.11
f3677_29 113 162 392 3.39
f2529_70 108 204 140 3.23
f0875_02 96 446 292 2.88
f3426_23 96 282 428 2.88
f3697_32 114 481 441 1.03
f2143_66 111 682 194 1.23
f2191_53 116 354 116 1.11
f0652_30 102 78 328 3.11
f2169_69 80 299 34 1.06
f2530_91 114 532 410 2.72
f3386_27 115 474 187 1.09
f0956_32 110 219 258 3.35
f3226_21 99 195 687 1.04
f3726_09 93 546 349 2.16
f0335_14 117 245 705 1.5
f2280_57 106 248 720 1.03
f3810_05 104 497 262 3.21
f3519_18 90 422 429 2.35
f3672_20 114 401 477 1.18
f0758_07 102 673 96 1.12
f3502_45 115 397 726 1.47
f4000_40 114 339 475 1.19
f3248_19 117 47 329 3.03
f1080_00 89 271 414 2.08
f1336_30 112 384 281 1.12
f3310_44 109 284 486 3.37
f2035_49 108 154 458 3.32
f0696_13 115 519 674 1.51
f2076_31 109 69 394 2.33
f0039_14 87 288 225 2.05
f1111_02 114 266 211 3.52
f3224_05 104 408 338 3.29
f3320_18 111 54 609 1.37
f3196_35 116 187 482 1.32
f1193_46 98 381 156 3.21
f3625_17 107 453 172 1.07
f4023_00 105 167 498 3.16
f1378_08 99 443 704 1.19
f0901_39 103 642 519 1.19
f2108_54 88 125 205 2.24
f3431_32 116 348 315 3.59
f1473_30 114 193 105 1.32
f2411_88 109 295 510 3.43
f3577_03 114 277 464 1.32
f3766_48 105 324 419 3.34
f1797_27 85 303 46 2.01
f2135_53 113 77 320 1.27
f3318_25 112 288 67 1.2
f0071_21 77 473 462 1.73
f3549_47 114 82 437 3.23
f1573_06 70 289 370 1.2
f2220_72 104 179 416 1.03
f1824_18 104 464 439 3.36
f3299_12 114 186 437 1.38
f0574_03 94 51 364 2.32
f3871_42 114 211 350 3.58
f1284_38 86 407 410 2.19
f3135_37 117 212 235 1.46
f0656_11 84 180 376 2.11
f1994_21 103 345 446 1.08
f1281_28 107 420 131 1.23
f3895_38 115 97 354 3.62
f2222_84 103 599 353 1
f0547_28 114 390 107 1.41
f3879_35 113 703 201 1.57
f0538_03 83 469 498 2.1
f2502_59 104 219 127 1.16
f0520_25 87 364 144 2.35
f1039_40 107 191 352 1.25
f4085_42 103 276 251 1.13
f3767_45 109 120 393 1.33
f1757_24 103 297 512 1.15
f0681_47 103 465 167 1.16
f0730_41 74 236 62 1.46
f2199_64 80 265 576 1.02
f3970_25 117 498 389 3.71
f2182_95 105 520 200 1.15
f1472_37 105 491 131 2.6
f4024_12 110 732 283 1.51
f1634_38 98 339 110 3.39
f4015_05 103 125 430 1.23
f1362_31 103 397 471 1.24
f2159_53 112 367 343 1.46
f2084_07 104 456 173 3.46
f1848_43 104 269 479 3.46
f1162_15 85 276 210 2.25
f0202_09 97 301 211 1.01
f3312_28 100 231 41 1.44
f1932_09 87 124 272 2.56
f3616_07 105 255 527 1.3
f4066_22 113 200 75 1.18
f4075_12 116 239 529 1.54
f3373_36 114 198 519 3.65
f1175_48 98 149 468 1.1
f0962_04 110 403 684 1.55
f1237_18 87 366 365 2.61
f0783_27 98 462 510 1.46
f2229_88 97 508 144 2.68
f2397_92 109 336 209 1.48
f2434_59 102 180 286 1.33
f4031_33 114 168 38 1.12
f0591_27 109 299 546 2.84
f1779_01 104 481 504 1.74
f0944_27 99 312 29 2.17
f0546_38 74 507 177 1.74
f3511_46 108 551 619 1.52
f3541_02 111 287 258 3.62
f1784_17 97 269 171 3.46
f2068_36 105 390 44 1.7
f0911_02 99 144 386 1.27
f0880_16 103 151 132 3.54
f1768_48 99 197 585 1.13
f0584_22 96 280 192 1.19
f1117_18 96 206 93 3.47
f4028_44 109 537 452 1.19
f3808_45 106 608 51 1.52
f3126_20 114 425 255 1.65
f0791_04 102 574 425 1.16
f1436_39 103 119 534 1.2
f1089_04 93 330 101 1.07
f2225_86 72 415 392 1.7
f0272_13 94 328 450 3.43
f3282_28 105 602 43 1.53
f0345_23 110 108 131 1.05
f0213_49 72 44 180 1.13
f2161_58 105 47 405 2.35
f0505_13 89 149 453 3.13
f1054_20 93 220 401 3.41
f2328_92 104 138 554 1.21
f3688_07 107 363 178 3.59
f0284_34 97 263 550 1.03
f3520_45 116 341 285 1.79
f0844_42 76 160 580 1.1
f1669_41 105 335 275 3.57
f3824_05 115 268 89 1.75
f3302_29 114 269 160 1.71
f3673_48 114 148 503 3.35
f2249_75 87 227 533 2.89
f1711_35 87 369 250 2.94
f3683_06 113 210 509 1.67
f1623_09 78 304 371 2.06
f1982_16 78 169 464 2.07
f0557_33 97 20 363 1.23
f0871_23 95 593 190 1.23
f0668_31 105 403 53 2.39
f1461_46 88 275 695 1.06
f3337_21 117 541 417 2.64
f3363_42 89 484 568 1.32
f3925_41 114 148 488 1.75
f0189_49 86 422 490 2.85
f2308_56 114 530 447 2.32
f4029_29 114 232 209 1.76
f3182_40 103 397 50 1.4
f0920_11 94 361 241 3.5
f0395_15 114 513 172 1.3
f1506_35 96 506 132 1.87
f2109_65 104 165 36 1.26
f2595_89 112 362 106 1.69
f1907_22 107 44 310 2.99
f3859_23 112 49 403 1.93
f1954_31 114 410 17 1.27
f4096_14 113 318 554 1.5
f2178_93 116 97 115 1.63
f1743_33 75 342 44 1.83
f1804_32 85 197 69 2.52
f1247_15 113 99 188 1.75
f2515_57 111 275 35 1.86
f0478_10 85 157 481 2.8
f1988_11 95 371 487 3.56
f0456_45 105 27 15 1.62
f0210_17 104 58 386 1.34
f3750_00 114 141 416 1.81
f0936_34 92 372 334 1.26
f3314_25 108 35 230 2.36
f2487_92 77 460 182 2.14
f0545_49 86 540 403 2.52
f3560_17 114 115 113 2.47
f3375_30 116 62 117 1.46
f3334_16 97 219 318 1.51
f0968_30 87 263 442 3.1
f1001_28 105 485 259 1.65
f2230_67 94 200 397 1.42
f1335_30 91 224 575 1.33
f1262_42 105 487 206 3.64
f1715_20 114 326 465 1.85
f1484_21 89 138 275 1.15
f3977_39 115 123 517 1.32
f3461_23 117 137 376 1.96
f1778_11 101 310 628 1.21
f2412_86 110 639 28 1.72
f3165_11 118 387 585 2.34
f3860_20 112 298 540 1.8
f2205_74 97 211 398 1.58
f0365_07 76 308 181 2.12
f1752_29 115 233 468 1.92
f3291_47 90 379 510 3.41
f2000_40 112 110 243 1.81
f1356_29 80 39 186 1.87
f3954_30 117 79 209 3.91
f0536_45 85 544 202 2.64
f1420_00 83 521 128 1.36
f1918_04 87 404 117 1.14
f1885_29 111 113 69 1.38
f3100_44 109 462 145 1.76
f1765_33 107 535 205 3.16
f0579_26 85 63 361 1.07
f3878_43 105 458 408 1.72
f3944_02 86 138 199 1.1
f0763_30 98 73 92 1.5
f3416_28 117 102 531 1.51
f3661_19 115 394 208 3.88
f1454_12 96 241 221 1.65
f0237_46 92 304 148 3.57
f3587_27 114 49 158 2.1
f0123_28 97 144 462 1.69
f0162_02 100 52 305 1.39
f2332_97 113 123 539 2.34
f1028_20 99 160 434 1.7
f1244_09 98 316 56 1.7
f3606_19 77 122 138 2.33
f2573_61 114 327 551 1.9
f3596_19 105 315 354 1.75
f2041_22 101 734 221 1.71
f2019_34 104 434 88 3.3
f1847_26 100 369 4 1.61
f0595_35 100 598 398 1.61
f1070_09 99 28 203 1.41
f3405_07 113 543 241 1.84
f1206_36 105 466 489 1.43
f3818_27 113 374 582 1.42
f3964_40 102 43 502 1.42
f4092_24 99 39 132 1.62
f3975_15 115 490 73 1.98
f1353_42 101 364 592 1.75
f3586_05 108 214 28 1.61
f1503_02 81 19 399 1.75
f3834_35 116 206 15 1.71
f1947_49 103 292 582 1.71
f3114_13 102 151 19 1.71
f2426_87 95 81 118 1.59
f0539_34 110 523 112 1.71
f2506_77 99 34 210 2
f2145_89 87 477 70 2.16
f2055_31 96 486 471 1.58
f3187_33 113 281 131 1.95
f0116_23 92 524 409 1.43
f1443_09 103 426 312 3.72
f1245_39 81 151 540 2.26
f4053_14 91 82 630 1.56
f2578_68 114 449 102 3.5
f1367_00 92 519 92 1.79
f0532_09 116 231 23 1.59
f3844_11 107 548 501 1.95
f1031_37 105 426 50 1.55
f1561_30 103 493 529 1.58
f2293_68 104 9 380 1.53
f1688_24 106 414 40 1.88
f3833_03 81 10 402 1.37
f3988_14 103 587 355 2.03
f2265_80 103 97 492 2.08
f3352_39 113 499 95 2.12
f1630_21 112 401 598 2.48
f1606_19 95 386 384 3.7
f4073_38 114 582 290 2.35
f2129_55 113 330 610 1.49
f0011_13 103 586 275 2.41
f3848_28 117 520 525 2.42
f2113_94 116 564 440 2.42
f1806_29 115 435 80 2.06
f3984_32 111 16 151 2.43
f1616_04 114 576 478 2.43
f3666_48 103 287 372 3.73
f2309_54 81 424 252 2.52
f2548_84 112 429 442 3.84
f0041_30 96 395 58 1.63
f2168_66 97 50 462 2.46
f2251_74 87 283 327 1.33
f2481_58 112 153 270 1.95
f2345_87 113 372 613 2.2
f3161_02 111 404 612 2.08
f1124_24 114 153 11 2.26
f0572_15 104 338 535 3.74
f1819_37 99 459 426 3.75
f4021_01 116 529 203 2.06
f3156_26 117 435 228 2.19
f3484_17 109 346 56 1.74
f3473_21 113 6 274 2.56
f1608_37 108 208 307 3.77
f2546_62 106 250 106 3.74
f4005_01 115 479 55 1.81
f3171_30 114 410 500 2.06
f3992_46 94 265 625 1.36
f1620_12 88 572 372 2.53
f3857_01 110 366 582 2.57
f0869_20 78 568 424 2.47
f1540_20 111 63 89 1.93
f1527_46 116 286 627 1.93
f0621_33 107 150 545 2.63
f3788_14 109 82 495 2.28
f3350_11 96 444 371 1.82
f2538_60 116 0 167 1.91
f0843_06 113 239 355 2.05
f0743_31 114 7 333 2.23
f0273_27 99 583 240 2.25
f1189_06 85 256 621 2.47
f0036_39 92 429 259 1.74
f1986_20 106 48 308 1.75
f1588_11 109 228 34 2.81
f0446_03 113 470 468 2.07
f1205_25 102 426 380 1.84
f3515_26 94 96 45 2.63
f0209_30 87 281 246 1.48
f1060_13 95 164 62 2.89
f2355_85 113 550 347 3.72
f1643_46 112 161 588 2.52
f3535_09 110 332 609 2.52
f0879_35 111 530 72 2.33
f3882_22 104 571 159 2.61
f1397_09 114 275 410 2.16
f0259_41 101 285 610 2.59
f1062_28 112 321 349 3.89
f3338_15 102 484 410 1.87
f0577_19 105 28 210 2.67
f1435_38 99 141 154 3.79
f3598_35 116 224 185 2.29
f1962_12 114 266 181 2.18
f1631_40 109 176 365 1.96
f1596_10 88 477 368 1.62
f2402_75 116 304 615 2.68
f1050_39 105 123 522 2.69
f2026_32 111 296 165 2.06
f3739_34 105 218 503 1.91
f3960_19 117 360 188 4.14
f0694_49 71 372 161 2.02
f1888_11 78 301 467 2.54
f0528_49 105 192 575 2.7
f2518_67 111 426 303 3.89
f1112_30 114 375 85 2.26
f1698_35 105 352 458 1.92
f1218_35 85 42 480 2.71
f0240_02 111 567 493 2.66
f1370_48 108 226 77 1.97
f4011_12 114 532 333 2.28
f3662_24 116 308 694 2.07
f1374_18 113 319 473 2.22
f3873_37 116 423 263 2.46
f1560_15 114 69 85 2.74
f0720_38 101 100 517 2.74
f0319_32 74 126 184 2.44
f4004_35 115 369 288 2.37
f3230_21 116 296 339 4.11
f0321_36 108 448 576 2.7
f3275_40 116 414 418 4.12
f0166_12 96 581 362 2.76
f3963_34 115 406 290 2.42
f3840_05 117 531 370 4.26
f1441_43 97 343 344 1.95
f4046_46 105 432 680 1.82
f3316_22 106 235 65 1.96
f0675_24 96 266 356 1.96
f3631_34 111 426 146 2.18
f3667_35 117 211 251 2.71
f1961_34 84 267 277 1.57
f0924_33 105 628 299 2.74
f3351_27 116 104 205 2.61
f1958_33 86 88 353 1.69
f1959_39 87 213 463 3.56
f2062_39 89 495 303 1.85
f1653_02 107 491 222 2
f1082_22 107 102 170 2
f1257_26 92 436 545 2.82
f3476_46 110 130 302 2.16
f0344_25 112 70 185 3.8
f0631_03 112 495 395 2.29
f3130_44 111 190 350 3.93
f2073_06 114 111 183 2.47
f3207_05 112 128 200 2.32
f2476_67 114 201 386 4.01
f3874_15 113 552 307 2.29
f3285_15 114 25 6 2.03
f3933_30 114 196 135 2.5
f2169_69 80 299 34 1.06
f3640_13 101 363 382 2
f3897_45 114 85 156 4.02
f3601_49 110 370 316 2.22
f1704_29 113 130 329 2.43
f1104_24 81 20 404 2.78
f1856_37 96 588 210 2.86
f1915_00 71 87 160 2.25
f3905_45 105 361 490 3.86
f1072_34 84 326 337 3.4
f0644_19 113 518 183 2.32
f0995_43 97 553 136 2.88
f1800_08 104 387 316 2.03
f3370_37 114 222 221 4.16
f1912_13 109 531 373 2.22
f0565_03 99 269 357 3.87
f1913_37 110 343 458 2.3
f2118_60 110 421 99 2.3
f2104_50 115 704 282 2.29
f3723_03 115 153 297 2.75
f1486_35 82 177 487 1.62
f1305_42 109 567 195 2.8
f3322_40 116 431 149 2.84
f3262_45 87 478 308 1.89
f1580_14 85 148 67 2.9
f0032_27 75 497 447 2.54
f0774_40 114 92 449 3.91
f3862_40 115 321 412 2.79
f3331_20 114 320 406 4.22
f3327_11 117 109 306 2.95
f3169_14 116 83 392 4.39
f3117_11 116 366 37 3.18
f1451_24 83 114 366 1.73
f2142_69 115 545 229 4.13
f2287_60 112 441 376 2.54
f0059_21 110 347 257 2.38
f2222_84 103 599 353 1
f3911_34 114 133 95 3.16
f4093_35 105 505 448 3.71
f0568_00 103 374 397 3.89
f2461_99 111 363 302 2.49
f0552_46 79 169 290 1.26
f2361_74 110 437 327 3.96
f3630_14 105 41 163 2.96
f0588_19 113 314 379 4.19
f3298_12 112 290 742 2.03
f3718_40 114 388 186 4.31
f0829_00 80 223 168 1.43
f3784_14 86 28 195 3
f0756_22 93 127 376 2.09
f4001_45 115 403 243 2.89
f2199_64 80 265 576 1.02
f3654_03 113 290 310 2.74
f1403_42 108 349 358 2.31
f1816_24 70 419 296 2.35
f3757_19 115 468 382 2.91
f2203_77 106 217 516 2.19
f3726_09 93 546 349 2.16
f3669_35 114 515 413 4.34
f3276_49 116 167 257 2.99
f3962_36 111 112 250 2.56
f0778_20 100 21 217 2.98
f2475_66 107 490 397 2.27
f2530_91 114 532 410 2.72
f3507_42 109 344 279 2.42
f2148_78 113 73 106 2.97
f0861_29 88 419 467 3.76
f2180_96 111 104 253 2.62
f1167_31 96 239 490 2.12
f1063_36 114 160 352 2.91
f3427_21 117 525 294 4.55
f2160_96 112 72 622 2.19
f3670_40 108 437 477 2.4
f2076_31 109 69 394 2.33
f3603_14 112 453 291 2.78
f0589_20 94 384 364 2.14
f0556_25 109 155 471 2.53
f1398_48 96 454 183 2.15
f2447_93 106 201 239 2.32
f0981_17 111 122 346 2.74
f2420_84 117 302 293 3.15
f3781_28 109 437 192 2.57
f0607_27 84 425 342 3.55
f3259_15 114 245 428 2.99
f0617_30 114 159 228 2.99
f3248_19 117 47 329 3.03
f3713_40 113 299 407 4.38
f4031_33 114 168 38 1.12
f1797_27 85 303 46 2.01
f1169_08 114 12 576 2.46
f0851_41 88 176 244 3.8
f2566_51 114 411 699 2.46
f0683_02 105 113 352 2.32
f4047_15 117 541 270 3.15
f3407_40 110 307 422 4.04
f0934_12 114 253 186 4.48
f1080_00 89 271 414 2.08
f1186_07 96 432 356 2.19
f3930_25 112 390 483 2.91
f0039_14 87 288 225 2.05
f0356_41 90 357 67 3.87
f3724_32 107 216 373 2.51
f0574_03 94 51 364 2.32
f1768_48 99 197 585 1.13
f3144_39 114 232 58 4.23
f3681_31 105 397 370 2.37
f3572_03 110 553 603 2.13
f3312_28 100 231 41 1.44
f1662_01 113 434 182 4.46
f0791_04 102 574 425 1.16
f0017_07 109 115 391 2.74
f3950_44 110 502 316 2.83
f1134_40 107 434 387 2.57
f4028_44 109 537 452 1.19
f4016_16 110 168 231 2.84
f0421_33 88 367 611 3.09
f0783_27 98 462 510 1.46
f1436_39 103 119 534 1.2
f0538_03 83 469 498 2.1
f4014_43 112 284 279 2.99
f0397_27 112 512 243 4.41
f0573_31 107 194 315 2.62
f3109_30 112 298 527 3
f3402_08 115 636 74 1.14
f3447_20 114 515 415 3.11
f0844_42 76 160 580 1.1
f3493_27 119 202 247 3.36
f1158_21 112 152 401 3.02
f2405_90 105 325 521 2.5
f2328_92 104 138 554 1.21
f3785_26 97 417 156 2.26
f2503_57 110 381 142 4.25
f1337_29 78 323 73 1.43
f2272_85 109 176 211 4.12
f3917_03 115 343 88 3.2
f3569_18 112 234 87 3.04
f0213_49 72 44 180 1.13
f0615_00 113 4 6 1.07
f0207_46 110 7 6 2.28
f2056_40 78 210 78 3.06
f1154_00 65 302 109 2.2
f3922_38 103 345 562 3.32
f0172_40 112 450 489 4.41
f3123_42 116 327 374 4.69
f0871_23 95 593 190 1.23
f0557_33 97 20 363 1.23
f1779_01 104 481 504 1.74
f1853_42 105 425 366 2.58
f2010_38 115 272 459 4.66
f0944_27 99 312 29 2.17
f2068_36 105 390 44 1.7
f3152_47 114 117 285 4.61
f4067_23 116 168 480 3.28
f2123_63 112 375 506 3.06
f1458_19 109 409 414 4.2
f3756_06 116 144 139 4.72
f0840_37 108 29 133 3.14
f1019_45 96 460 422 3.97
f0827_09 109 304 300 4.22
f1472_37 105 491 131 2.6
f1025_22 105 252 260 2.63
f1590_15 107 329 319 2.79
f2109_65 104 165 36 1.26
f3465_24 114 447 99 4.29
f3363_42 89 484 568 1.32
f1954_31 114 410 17 1.27
f2190_52 114 219 323 3.23
f0622_25 108 292 376 4.13
f1754_35 104 376 499 2.6
f2242_91 114 357 484 4.65
f3258_46 111 106 671 2.44
f1450_34 114 582 615 2.59
f3243_44 117 329 327 3.36
f2455_72 111 341 259 4.47
f0750_18 100 263 735 1.98
f3968_18 117 449 127 3.37
f0093_24 112 235 473 4.55
f1778_11 101 310 628 1.21
f2161_58 105 47 405 2.35
f3182_40 103 397 50 1.4
f0167_33 93 198 545 3.33
f2162_62 99 150 168 2.4
f3184_11 113 91 341 4.63
f0689_06 81 148 305 3.48
f0775_24 105 438 213 2.79
f1595_34 105 237 219 2.8
f0668_31 105 403 53 2.39
f2304_67 93 143 505 3.93
f3549_47 114 82 437 3.23
f1335_30 91 224 575 1.33
f3866_43 99 357 10 3.18
f3977_39 115 123 517 1.32
f2229_88 97 508 144 2.68
f1605_44 108 479 168 2.99
f3837_30 113 324 295 3.25
f2308_56 114 530 447 2.32
f1506_35 96 506 132 1.87
f2178_93 116 97 115 1.63
f3861_21 117 275 87 3.42
f3945_00 116 228 478 4.82
f0236_17 104 293 131 2.77
f2593_72 105 335 258 2.84
f3859_23 112 49 403 1.93
f0499_10 98 323 296 2.43
f0656_11 84 180 376 2.11
f3663_13 110 738 340 1.11
f3375_30 116 62 117 1.46
f2515_57 111 275 35 1.86
f0591_27 109 299 546 2.84
f2250_52 105 256 184 2.86
f1412_36 112 369 183 4.62
f1789_37 110 354 380 3.15
f1543_08 106 191 460 2.93
f2238_86 105 237 351 2.87
f3337_21 117 541 417 2.64
f1352_27 98 386 172 2.46
f3969_02 114 227 333 4.74
f3314_25 108 35 230 2.36
f0529_06 87 229 0 3.15
f3165_11 118 387 585 2.34
f1788_32 95 226 241 4.02
f1273_29 104 116 448 2.82
f3780_30 113 695 489 2.62
f1420_00 83 521 128 1.36
f1532_16 109 489 259 3.13
f3560_17 114 115 113 2.47
f1885_29 111 113 69 1.38
f3217_28 114 193 301 4.75
f2111_87 113 452 490 3.29
f3434_00 116 733 208 2.78
f3562_47 103 219 254 2.82
f0115_34 104 352 332 4.08
f1332_24 104 186 155 4.08
f3339_15 95 203 502 4.08
f0655_10 90 677 173 1.99
f2143_66 111 682 194 1.23
f4082_29 109 734 288 2.45
f0545_49 86 540 403 2.52
f1405_35 94 463 440 4.11
f0127_07 107 602 243 3.19
f1702_13 111 299 165 3.26
f0876_43 99 196 141 4.12
f1622_16 107 123 361 4.31
f0335_14 117 245 705 1.5
f1356_29 80 39 186 1.87
f2193_99 114 262 433 4.81
f3544_20 105 710 276 2.17
f3416_28 117 102 531 1.51
f2395_78 104 264 312 4.16
f2280_57 106 248 720 1.03
f3519_18 90 422 429 2.35
f0763_30 98 73 92 1.5
f2264_82 110 328 587 3.2
f1275_19 105 351 83 3.01
f2108_54 88 125 205 2.24
f3587_27 114 49 158 2.1
f1070_09 99 28 203 1.41
f0989_33 96 142 263 2.52
f0454_20 100 133 433 4.17
f3833_03 81 10 402 1.37
f3740_01 102 397 712 2.18
f2332_97 113 123 539 2.34
f1847_26 100 369 4 1.61
f0595_35 100 598 398 1.61
f3770_21 105 651 526 2.23
f3818_27 113 374 582 1.42
f3964_40 102 43 502 1.42
f3804_08 112 452 441 3.35
f4092_24 99 39 132 1.62
f3677_29 113 162 392 3.39
f3586_05 108 214 28 1.61
f2506_77 99 34 210 2
f3975_15 115 490 73 1.98
f2426_87 95 81 118 1.59
f3114_13 102 151 19 1.71
f3834_35 116 206 15 1.71
f0539_34 110 523 112 1.71
f1503_02 81 19 399 1.75
f1353_42 101 364 592 1.75
f1947_49 103 292 582 1.71
f1179_01 96 300 236 2.56
f2145_89 87 477 70 2.16
f2133_68 96 350 212 4.21
f1031_37 105 426 50 1.55
f2293_68 104 9 380 1.53
f3844_11 107 548 501 1.95
f1688_24 106 414 40 1.88
f1561_30 103 493 529 1.58
f1367_00 92 519 92 1.79
f0532_09 116 231 23 1.59
f1663_13 93 159 153 4.15
f1597_45 94 620 356 3.09
f3988_14 103 587 355 2.03
f1284_38 86 407 410 2.19
f2265_80 103 97 492 2.08
f3352_39 113 499 95 2.12
f1245_39 81 151 540 2.26
f2072_32 105 453 315 4.27
f2127_59 105 351 300 3.07
f2129_55 113 330 610 1.49
f2466_76 106 199 282 3.12
f0381_28 96 199 522 4.23
f4073_38 114 582 290 2.35
f3992_46 94 265 625 1.36
f3181_10 97 285 737 2.24
f2345_87 113 372 613 2.2
f3161_02 111 404 612 2.08
f0297_05 105 453 135 4.3
f0011_13 103 586 275 2.41
f2113_94 116 564 440 2.42
f3848_28 117 520 525 2.42
f3502_45 115 397 726 1.47
f1630_21 112 401 598 2.48
f1057_34 116 11 220 3.12
f1233_46 112 445 67 3.42
f0571_24 75 511 653 1.02
f3984_32 111 16 151 2.43
f1616_04 114 576 478 2.43
f3673_48 114 148 503 3.35
f2529_70 108 204 140 3.23
f1124_24 114 153 11 2.26
f1235_34 104 525 662 2.3
f4005_01 115 479 55 1.81
f0653_02 98 470 284 2.74
f2168_66 97 50 462 2.46
f3763_41 105 319 506 3.11
f2134_58 100 426 168 4.27
f1540_20 111 63 89 1.93
f1527_46 116 286 627 1.93
f0536_45 85 544 202 2.64
f0071_21 77 473 462 1.73
f2538_60 116 0 167 1.91
f2032_22 77 284 396 3.28
f1345_41 105 674 494 2.34
f1818_11 96 73 242 4.27
f1907_22 107 44 310 2.99
f3788_14 109 82 495 2.28
f0743_31 114 7 333 2.23
f2172_67 114 187 627 1.58
f0807_16 87 49 153 3.27
f0273_27 99 583 240 2.25
f2547_96 114 231 411 4.92
f3701_44 112 440 547 3.29
f1620_12 88 572 372 2.53
f2580_69 109 274 98 4.62
f3473_21 113 6 274 2.56
f0956_32 110 219 258 3.35
f0696_13 115 519 674 1.51
f3320_18 111 54 609 1.37
f0819_13 107 267 462 4.48
f0523_42 102 348 699 2.34
f3857_01 110 366 582 2.57
f1189_06 85 256 621 2.47
f3494_34 116 630 55 2.93
f4003_07 99 172 104 4.33
f3431_32 116 348 315 3.59
f0879_35 111 530 72 2.33
f0708_14 100 463 122 4.34
f0899_05 97 598 578 2.32
f0869_20 78 568 424 2.47
f0535_19 105 221 95 4.39
f0467_18 96 363 563 3.44
f2243_87 98 275 282 4.34
f3700_25 114 96 340 4.89
f4023_00 105 167 498 3.16
f0781_31 108 543 648 2.5
f0730_41 74 236 62 1.46
f1643_46 112 161 588 2.52
f3535_09 110 332 609 2.52
f1111_02 114 266 211 3.52
f0621_33 107 150 545 2.63
f0259_41 101 285 610 2.59
f2035_49 108 154 458 3.32
f3310_44 109 284 486 3.37
f0870_31 100 545 263 4.2
f3882_22 104 571 159 2.61
f3515_26 94 96 45 2.63
f1804_32 85 197 69 2.52
f3970_25 117 498 389 3.71
f0652_30 102 78 328 3.11
f0709_40 113 13 133 1.51
f0729_08 78 556 80 1.25
f3209_08 116 179 611 1.35
f1761_43 100 435 456 4.42
f1883_03 103 611 449 2.04
f0382_03 107 122 11 2.38
f1956_19 106 368 466 4.49
f0682_48 105 126 595 2.39
f3274_27 117 480 85 3.32
f1623_09 78 304 371 2.06
f0758_07 102 673 96 1.12
f3810_05 104 497 262 3.21
f2493_99 108 246 100 4.64
f2596_86 114 629 183 2.22
f1533_23 115 450 18 3.39
f2289_62 114 120 537 3.39
f4012_13 110 270 540 4.63
f0875_02 96 446 292 2.88
f3426_23 96 282 428 2.88
f2534_96 113 619 443 1.77
f1162_15 85 276 210 2.25
f1982_16 78 169 464 2.07
f3266_12 111 296 1 3.34
f3226_21 99 195 687 1.04
f2495_59 112 51 357 4.43
f1545_40 92 41 265 4.18
f1700_36 103 9 337 3.43
f3858_25 116 48 151 3.43
f0577_19 105 28 210 2.67
f3895_38 115 97 354 3.62
f1500_25 89 132 355 4.14
f0901_39 103 642 519 1.19
f0520_25 87 364 144 2.35
f0612_11 103 223 564 4.27
f0748_15 91 567 300 3.65
f0108_12 105 116 501 3.61
f1466_48 93 25 154 3.34
f2402_75 116 304 615 2.68
f3871_42 114 211 350 3.58
f0240_02 111 567 493 2.66
f2411_88 109 295 510 3.43
f0055_09 106 373 589 3.27
f3153_49 114 133 66 3.27
f1288_23 61 221 590 1.58
f1765_33 107 535 205 3.16
f1050_39 105 123 522 2.69
f2551_80 112 469 406 4.93
f2482_62 108 398 174 4.68
f1796_21 98 483 25 2.14
f0528_49 105 192 575 2.7
f3879_35 113 703 201 1.57
f2576_66 114 191 553 3.66
f3224_05 104 408 338 3.29
f1218_35 85 42 480 2.71
f1462_01 105 486 324 4.56
f0555_35 86 485 102 4.11
f0211_26 108 648 280 1.96
f1010_11 103 604 152 2.44
f0321_36 108 448 576 2.7
f2102_52 108 261 143 4.7
f1588_11 109 228 34 2.81
f3690_41 105 143 141 4.57
f3766_48 105 324 419 3.34
f2524_58 82 82 154 3.82
f1586_22 103 283 31 4.39
f3643_29 109 614 161 2.51
f4070_43 100 73 268 4.52
f1560_15 114 69 85 2.74
f0720_38 101 100 517 2.74
f1743_33 75 342 44 1.83
f4024_12 110 732 283 1.51
f3514_20 113 144 4 2.21
f3373_36 114 198 519 3.65
f0762_20 106 221 628 2.42
f2019_34 104 434 88 3.3
f1519_36 111 386 46 3.73
f0166_12 96 581 362 2.76
f3604_21 106 428 206 4.63
f0924_33 105 628 299 2.74
f1378_08 99 443 704 1.19
f3244_38 103 471 75 4.23
f1060_13 95 164 62 2.89
f0659_24 111 537 256 4.82
f1208_33 73 366 35 3.04
f1824_18 104 464 439 3.36
f1790_11 99 606 6 2.5
f4090_35 111 476 15 2.6
f3129_16 101 16 238 3.72
f0826_18 105 224 25 3.72
f3385_08 108 285 35 4.47
f0962_04 110 403 684 1.55
f0971_24 78 442 121 3.55
f3657_40 111 353 507 4.95
f0511_03 102 61 439 3.55
f3121_43 106 318 4 4.09
f2079_27 115 522 540 4.5
f3410_19 112 602 396 4.43
f3559_23 110 587 323 4.09
f3958_42 114 322 14 3.41
f1368_03 104 376 637 1.33
f2578_68 114 449 102 3.5
f0563_12 64 336 525 2.58
f3428_02 113 9 424 4.44
f1839_31 95 121 474 4.28
f2509_53 109 587 166 4.48
f3367_07 114 108 49 4.48
f1257_26 92 436 545 2.82
f1104_24 81 20 404 2.78
f3954_30 117 79 209 3.91
f1193_46 98 381 156 3.21
f4008_34 103 6 240 3.47
f1573_06 70 289 370 1.2
f1795_30 109 400 403 4.89
f3474_05 110 700 319 2.83
f0733_34 107 298 644 2.12
f3511_46 108 551 619 1.52
f1735_22 104 175 579 4.39
f1294_12 99 27 120 3.7
f1547_06 111 536 482 4.03
f1081_19 94 371 5 4.41
f0347_04 116 587 235 3.83
f2351_74 114 496 97 4.18
f1357_25 84 36 210 4.04
f0075_46 99 520 526 4.01
f3380_04 111 368 611 4.01
f0751_28 105 309 11 3.93
f4032_33 108 592 268 3.93
f0546_38 74 507 177 1.74
f0088_22 96 428 81 4.31
f3541_02 111 287 258 3.62
f0503_44 96 24 266 3.84
f3211_20 109 212 9 4.06
f3782_00 114 577 448 3.77
f3348_00 107 106 505 3.58
f0450_41 111 21 320 4.25
f2086_25 105 77 134 4.06
f3106_05 115 315 605 3.74
f2137_90 87 193 560 4.39
f1505_21 91 607 289 3.55
f1395_14 88 504 42 4.29
f0792_07 111 371 570 4.03
f4086_36 105 485 89 3.9
f0636_12 103 147 47 4.05
f0923_31 107 555 458 4.37
f2235_81 112 415 26 4.37
f3948_41 101 341 600 4.37
f1305_42 109 567 195 2.8
f0320_41 113 167 25 3.43
f1204_09 110 238 579 4.25
f3894_37 109 459 235 4.91
f2558_96 96 366 21 3.62
f0904_04 92 210 581 4.3
f1932_09 87 124 272 2.56
f4033_05 105 18 102 1.9
f3391_40 116 583 493 1.9
f1856_37 96 588 210 2.86
f2487_92 77 460 182 2.14
f2084_07 104 456 173 3.46
f1848_43 104 269 479 3.46
f1296_02 80 467 30 4
f0735_17 109 603 259 3.84
f3297_22 110 389 1 4.46
f0517_23 92 271 178 4.41
f2172_67 114 187 627 1.58
f3600_46 113 591 389 4.36
f2374_59 114 555 412 4.2
f1109_36 100 591 306 4.16
f0872_30 84 473 21 3.52
f1425_23 108 542 118 4.18
f4006_12 114 577 428 4.15
f3921_41 111 112 46 3.8
f3460_47 115 507 544 4.38
f0995_43 97 553 136 2.88
f3747_12 63 563 253 2.68
f0005_26 73 23 382 3.03
f3808_45 106 608 51 1.52
f2223_83 114 482 573 3.59
f3891_31 116 402 3 4.45
f0815_12 114 112 521 4.4
f1265_03 105 331 605 4.4
f1237_18 87 366 365 2.61
f3661_19 115 394 208 3.88
f1671_40 100 237 436 4.67
f0709_40 113 13 133 1.51
f3209_08 116 179 611 1.35
f0729_08 78 556 80 1.25
f0040_25 106 147 392 4.76
f1883_03 103 611 449 2.04
f1708_22 92 25 388 3.43
f2103_60 111 478 573 3.46
f3865_26 116 1162 754 1.01
f2534_96 113 619 443 1.77
f1580_14 85 148 67 2.9
f3533_31 114 18 452 4.58
f2596_86 114 629 183 2.22
f1963_27 114 507 536 3.96
f1022_17 101 180 593 3.96
f0798_05 83 580 300 3.49
f1542_30 93 229 388 4.48
f0211_26 108 648 280 1.96
f1796_21 98 483 25 2.14
f0684_13 79 215 9 4.27
f1098_11 105 252 497 4.78
f2249_75 87 227 533 2.89
f2177_57 69 109 518 2.93
f3282_28 105 602 43 1.53
f0863_41 115 12 122 2.48
f0365_07 76 308 181 2.12
f1381_00 97 261 452 4.62
f3688_07 107 363 178 3.59
f0382_03 107 122 11 2.38
f1933_13 105 156 185 4.72
f0682_48 105 126 595 2.39
f3996_02 101 545 263 4.38
f2355_85 113 550 347 3.72
f3514_20 113 144 4 2.21
f3147_41 114 154 25 3.59
f0767_25 87 423 34 3.83
f1368_03 104 376 637 1.33
f0733_34 107 298 644 2.12
f0658_30 101 462 359 4.74
f3391_40 116 583 493 1.9
f4033_05 105 18 102 1.9
f1399_06 90 86 565 2.51
f1669_41 105 335 275 3.57
f1634_38 98 339 110 3.39
f1010_11 103 604 152 2.44
f3630_14 105 41 163 2.96
f0762_20 106 221 628 2.42
f3537_23 92 183 445 4.49
f3838_46 116 639 31 3.18
f3437_17 116 735 888 1.04
f0880_16 103 151 132 3.54
f0023_08 106 496 176 4.73
f2225_86 72 415 392 1.7
f0042_43 74 113 655 1.31
f3795_00 104 101 247 4.83
f3643_29 109 614 161 2.51
f0778_20 100 21 217 2.98
f3784_14 86 28 195 3
f2148_78 113 73 106 2.97
f2412_86 110 639 28 1.72
f2291_65 116 1109 689 1.09
f3257_17 105 164 167 4.84
f0734_39 105 191 262 4.84
f3371_34 116 28 114 4.65
f1149_46 60 355 242 2.59
f0725_46 100 711 360 2.7
f1461_46 88 275 695 1.06
f3150_21 114 839 1086 1.02
f0200_38 55 219 240 2.36
f3942_06 116 959 922 1.1
f2512_54 111 499 449 4.63
f3479_08 114 1043 1152 1.03
f0456_45 105 27 15 1.62
f0749_12 105 338 457 4.89
f2548_84 112 429 442 3.84
f1008_28 107 526 365 4.81
f0345_23 110 108 131 1.05
f2173_74 110 653 552 3.01
f0863_41 115 12 122 2.48
f3761_12 105 377 336 4.88
f1886_18 101 172 720 2.75
f4090_35 111 476 15 2.6
f0284_34 97 263 550 1.03
f3117_11 116 366 37 3.18
f2394_84 113 27 185 4.66
f1262_42 105 487 206 3.64
f3438_08 114 1022 1061 1.06
f1784_17 97 269 171 3.46
f1399_06 90 86 565 2.51
f0505_13 89 149 453 3.13
f1554_25 101 106 400 4.85
f2470_80 116 425 1131 1.13
f3911_34 114 133 95 3.16
f1750_06 113 970 1064 1.02
f0633_18 106 456 359 4.95
f0189_49 86 422 490 2.85
f2012_46 105 251 372 4.93
f2372_55 104 182 87 4.7
f0344_25 112 70 185 3.8
f4033_05 105 18 102 1.9
f3391_40 116 583 493 1.9
f1105_31 97 67 407 4.49
f1062_28 112 321 349 3.89
f1711_35 87 369 250 2.94
f3806_01 106 130 241 4.95
f1117_18 96 206 93 3.47
f2476_67 114 201 386 4.01
f4066_22 113 200 75 1.18
f3132_12 113 1082 512 1.02
f3729_27 115 406 1179 1.13
f3633_29 114 977 917 1.09
f2473_81 116 976 719 1.15
f0272_13 94 328 450 3.43
f0733_34 107 298 644 2.12
f3415_33 115 842 128 1.01
f1054_20 93 220 401 3.41
f4095_43 114 355 695 3.2
f1368_03 104 376 637 1.33
f1004_07 113 615 360 4.69
f3897_45 114 85 156 4.02
f2222_84 103 599 353 1
f2492_72 105 485 484 4.63
f3662_24 116 308 694 2.07
f2199_64 80 265 576 1.02
f1608_37 108 208 307 3.77
f3285_15 114 25 6 2.03
f2518_67 111 426 303 3.89
f0211_26 108 648 280 1.96
f3514_20 113 144 4 2.21
f3710_43 114 957 339 1.05
f2292_70 112 1130 390 1.03
f3991_38 113 1144 400 1.08
f0421_33 88 367 611 3.09
f1394_16 99 186 350 4.89
f0478_10 85 157 481 2.8
f0920_11 94 361 241 3.5
f2546_62 106 250 106 3.74
f1796_21 98 483 25 2.14
f0774_40 114 92 449 3.91
f1724_42 114 744 975 1.13
f2016_39 110 233 42 4.67
f3685_08 116 863 214 1.11
f2534_96 113 619 443 1.77
f0863_41 115 12 122 2.48
f1875_21 114 1109 944 1.16
f2369_56 113 153 1177 1.11
f0718_13 101 449 0 2.86
f1550_34 106 738 330 2.89
f3130_44 111 190 350 3.93
f0709_40 113 13 133 1.51
f3209_08 116 179 611 1.35
f0729_08 78 556 80 1.25
f1988_11 95 371 487 3.56
f1883_03 103 611 449 2.04
f0395_15 114 513 172 1.3
f2559_95 73 490 468 3.21
f1385_36 91 268 368 4.6
f1399_06 90 86 565 2.51
f3341_29 115 427 1001 1.14
f3973_27 114 757 475 1
f1439_27 102 80 382 4.74
f2596_86 114 629 183 2.22
f0694_49 71 372 161 2.02
f0968_30 87 263 442 3.1
f4093_35 105 505 448 3.71
f2142_69 115 545 229 4.13
f3110_25 116 688 5 1.13
f3504_46 114 163 15 4.73
f2418_82 107 491 61 4.73
f1942_21 114 264 11 4.73
f0762_20 106 221 628 2.42
f0549_39 97 36 295 4.7
f3291_47 90 379 510 3.41
f1443_09 103 426 312 3.72
f3215_34 114 1012 1084 1.19
f0572_15 104 338 535 3.74
f3230_21 116 296 339 4.11
f2105_51 57 142 118 2.63
f2147_79 114 1178 724 1.19
f2172_67 114 187 627 1.58
f0776_08 90 354 30 4.68
f0840_37 108 29 133 3.14
f3666_48 103 287 372 3.73
f1116_09 110 260 620 4.74
f3960_19 117 360 188 4.14
f3749_27 117 762 457 1.18
f3249_21 118 763 9 1.22
f1010_11 103 604 152 2.44
f3275_40 116 414 418 4.12
f1483_44 88 318 133 4.5
f0382_03 107 122 11 2.38
f0682_48 105 126 595 2.39
f4031_33 114 168 38 1.12
f3777_32 114 1109 255 1.19
f2041_22 101 734 221 1.71
f0237_46 92 304 148 3.57
f4053_14 91 82 630 1.56
f3606_19 77 122 138 2.33
f0706_13 97 436 356 4.92
f1575_36 117 274 886 1.22
f1283_24 98 154 150 4.97
f1768_48 99 197 585 1.13
f3298_12 112 290 742 2.03
f1837_00 116 984 1185 1.29
f3301_38 96 227 49 4.71
f1659_04 107 588 351 4.75
f2361_74 110 437 327 3.96
f3773_14 114 1190 614 1.23
f0452_37 78 388 446 3.82
f3643_29 109 614 161 2.51
f3581_23 115 1036 34 1.25
f1606_19 95 386 384 3.7
f2429_95 113 874 1013 1.18
f0210_17 104 58 386 1.34
f0791_04 102 574 425 1.16
f0512_15 114 882 1169 1.25
f0585_26 110 106 651 3.17
f0354_10 53 505 322 2.46
f1819_37 99 459 426 3.75
f4046_46 105 432 680 1.82
f3866_43 99 357 10 3.18
f0759_41 112 885 944 1.16
f0529_06 87 229 0 3.15
f3922_38 103 345 562 3.32
f1721_26 114 624 715 1.12
f1597_45 94 620 356 3.09
f0601_32 59 515 41 1.99
f1178_03 110 894 1200 1.09
f0162_02 100 52 305 1.39
f4028_44 109 537 452 1.19
f3102_36 113 759 784 1.14
f4090_35 111 476 15 2.6
f3273_45 110 728 1183 1.1
f2309_54 81 424 252 2.52
f3300_25 114 317 1035 1.24
f1436_39 103 119 534 1.2
f1435_38 99 141 154 3.79
f1670_20 109 469 1181 1.05
f1712_10 115 818 1111 1.31
f1057_34 116 11 220 3.12
f2328_92 104 138 554 1.21
f2185_57 115 392 867 1.21
f0127_07 107 602 243 3.19
f1225_06 112 635 1154 1.21
f1206_36 105 466 489 1.43
f3905_45 105 361 490 3.86
f1778_11 101 310 628 1.21
f1456_41 113 414 790 1.1
f0116_23 92 524 409 1.43
f0167_33 93 198 545 3.33
f4096_14 113 318 554 1.5
f2264_82 110 328 587 3.2
f0557_33 97 20 363 1.23
f0871_23 95 593 190 1.23
f1091_00 114 604 1132 1.3
f3387_42 112 328 892 1.1
f0718_13 101 449 0 2.86
f0293_40 109 337 1134 1.08
f0526_22 90 280 60 4.71
f0534_00 109 511 127 4.77
f0164_32 109 996 551 1.04
f0777_12 114 249 959 1.24
f3461_23 117 137 376 1.96
f3578_27 116 948 796 1.29
f3157_23 106 381 735 3.09
f3563_46 113 884 279 1.17
f2169_69 80 299 34 1.06
f3407_40 110 307 422 4.04
f2458_53 111 36 849 1.07
f2109_65 104 165 36 1.26
f1024_46 111 218 1200 1.21
f0410_43 93 147 313 4.9
f3430_38 117 82 1188 1.4
f0565_03 99 269 357 3.87
f2139_75 82 516 647 2.27
f4094_49 94 125 59 4.81
f1954_31 114 410 17 1.27
f4021_01 116 529 203 2.06
f1123_09 114 51 1107 1.33
f1591_47 107 695 1153 1.02
f0196_10 114 387 841 1.22
f1998_10 110 47 967 1.1
f0568_00 103 374 397 3.89
f3370_37 114 222 221 4.16
f3852_32 110 990 669 1.17
f2415_79 99 385 52 4.78
f0614_14 91 30 421 4.83
f2377_66 111 1035 783 1.24
f2055_31 96 486 471 1.58
f2423_88 113 848 353 1.19
f3216_33 108 458 4 4.87
f0807_16 87 49 153 3.27
f3328_45 117 687 716 1.35
f3592_19 110 502 931 1.1
f1469_25 82 115 64 4.84
f3144_39 114 232 58 4.23
f3363_42 89 484 568 1.32
f1728_02 115 764 30 1.29
f3649_28 117 153 958 1.39
f0513_18 95 551 100 4.85
f0596_26 111 331 642 2.99
f3840_05 117 531 370 4.26
f3701_44 112 440 547 3.29
f0810_40 84 208 714 2.46
f3977_39 115 123 517 1.32
f1668_08 101 510 68 4.83
f1203_10 107 884 983 1.07
f2573_61 114 327 551 1.9
f3579_30 116 983 802 1.42
f1335_30 91 224 575 1.33
f1915_00 71 87 160 2.25
f1603_40 110 253 1078 1.22
f1602_35 108 729 976 1.11
f2346_88 104 631 338 4.69
f1568_21 110 1070 1200 1.24
f1806_29 115 435 80 2.06
f0032_27 75 497 447 2.54
f0721_31 108 995 150 1.04
f0041_30 96 395 58 1.63
f3605_17 116 1087 864 1.43
f1019_45 96 460 422 3.97
f2413_87 114 671 486 3.41
f0986_02 109 1015 570 1.14
f3639_43 116 537 47 4.2
f3742_12 93 380 603 4.86
f3864_42 113 994 1180 1.36
f0750_18 100 263 735 1.98
f2304_67 93 143 505 3.93
f1752_29 115 233 468 1.92
f3405_07 113 543 241 1.84
f0687_43 103 920 1192 1.02
f1979_36 87 303 183 4.65
f2131_73 116 1078 1136 1.44
f1233_46 112 445 67 3.42
f1420_00 83 521 128 1.36
f0486_05 114 119 1002 1.36
f3732_30 113 1016 77 1.35
f0643_23 112 283 1183 1.34
f3153_49 114 133 66 3.27
f0055_09 106 373 589 3.27
f1410_19 51 253 363 2.21
f3465_24 114 447 99 4.29
f3274_27 117 480 85 3.32
f1298_29 103 1012 1194 1.04
f0356_41 90 357 67 3.87
f1619_37 108 1167 1116 1.19
f3386_27 115 474 187 1.09
f3992_46 94 265 625 1.36
f2299_91 107 443 1012 1.03
f3182_40 103 397 50 1.4
f1885_29 111 113 69 1.38
f3312_28 100 231 41 1.44
f1770_47 100 579 108 3.95
f3627_46 114 489 576 3.85
f3778_23 106 596 152 3.85
f3833_03 81 10 402 1.37
f0588_19 113 314 379 4.19
f0844_42 76 160 580 1.1
f0609_12 115 350 256 1.01
f3331_20 114 320 406 4.22
f1536_05 116 502 765 1.38
f1087_32 104 1047 984 1.07
f1959_39 87 213 463 3.56
f2182_95 105 520 200 1.15
f3187_33 113 281 131 1.95
f3318_25 112 288 67 1.2
f3877_11 107 1014 227 1.04
f3266_12 111 296 1 3.34
f0442_00 109 38 865 1.12
f0467_18 96 363 563 3.44
f3141_36 112 137 849 1.23
f0783_27 98 462 510 1.46
f0680_28 117 504 27 4.92
f2283_59 109 43 714 1.06
f1141_12 96 546 550 1.59
f1434_10 98 530 585 2.1
f1697_45 102 8 503 1.8
f0766_01 107 566 28 1.27
f1287_40 91 75 10 1.11
f3176_15 107 91 510 4.89
f1466_48 93 25 154 3.34
f0646_22 107 238 631 3.08
f0766_01 107 566 28 1.27
f1141_12 96 546 550 1.59
f1434_10 98 530 585 2.1
f1697_45 102 8 503 1.8
f1287_40 91 75 10 1.11
f3165_11 118 387 585 2.34
f0811_49 106 1107 769 1.11
f3820_39 60 202 650 1.31
f2306_63 106 678 199 1.62
f1017_30 103 191 660 2.03
f1141_12 96 546 550 1.59
f1434_10 98 530 585 2.1
f1697_45 102 8 503 1.8
f1287_40 91 75 10 1.11
f0766_01 107 566 28 1.27
f4077_42 110 632 174 2.05
f3820_39 60 202 650 1.31
f2306_63 106 678 199 1.62
f1017_30 103 191 660 2.03
f3597_18 114 350 647 1.65
f2306_63 106 678 199 1.62
f3820_39 60 202 650 1.31
f1017_30 103 191 660 2.03
f4077_42 110 632 174 2.05
f3597_18 114 350 647 1.65
f3329_30 114 955 133 1.38
f1533_23 115 450 18 3.39
f2289_62 114 120 537 3.39
f3790_48 117 650 250 1.35
f0672_28 94 57 16 1.4
f4077_42 110 632 174 2.05
f3597_18 114 350 647 1.65
f0672_28 94 57 16 1.4
f3790_48 117 650 250 1.35
f0559_18 103 609 484 1.4
f3271_09 110 606 485 1.41
f1987_47 104 13 514 1.4
f0601_32 59 515 41 1.99
f2538_60 116 0 167 1.91
f3572_03 110 553 603 2.13
f0672_28 94 57 16 1.4
f3790_48 117 650 250 1.35
f3271_09 110 606 485 1.41
f0559_18 103 609 484 1.4
f1987_47 104 13 514 1.4
f1070_09 99 28 203 1.41
f1508_14 83 574 71 1.8
f2100_97 114 217 662 1.56
f3151_13 106 576 53 1.44
f1594_09 84 461 606 3.58
f0559_18 103 609 484 1.4
f3271_09 110 606 485 1.41
f1987_47 104 13 514 1.4
f1508_14 83 574 71 1.8
f3151_13 106 576 53 1.44
f2100_97 114 217 662 1.56
f1833_03 114 401 897 1.36
f1127_01 114 882 397 1.36
f1527_46 116 286 627 1.93
f1540_20 111 63 89 1.93
f3151_13 106 576 53 1.44
f2100_97 114 217 662 1.56
f1508_14 83 574 71 1.8
f0718_13 101 449 0 2.86
f0879_35 111 530 72 2.33
f0743_31 114 7 333 2.23
f1809_16 81 590 522 1.01
f1604_07 110 521 576 1.3
f0858_32 95 643 466 1.44
f0273_27 99 583 240 2.25
f1604_07 110 521 576 1.3
f1809_16 81 590 522 1.01
f0858_32 95 643 466 1.44
f1074_34 101 610 103 1.15
f4005_01 115 479 55 1.81
f3484_17 109 346 56 1.74
f1788_32 95 226 241 4.02
f3253_11 116 274 656 1.19
f3315_23 101 668 139 3.19
f1343_32 76 258 720 1.85
f1809_16 81 590 522 1.01
f1604_07 110 521 576 1.3
f0858_32 95 643 466 1.44
f1074_34 101 610 103 1.15
f3253_11 116 274 656 1.19
f3523_31 107 819 988 1.17
f3818_27 113 374 582 1.42
f3964_40 102 43 502 1.42
f2481_58 112 153 270 1.95
f3788_14 109 82 495 2.28
f1074_34 101 610 103 1.15
f3253_11 116 274 656 1.19
f2465_75 117 332 629 3.82
f2474_84 117 255 637 3.83
f3330_43 114 272 658 1.28
f2398_51 107 498 635 1.66
f3697_32 114 481 441 1.03
f3161_02 111 404 612 2.08
f2160_96 112 72 622 2.19
f0202_09 97 301 211 1.01
f3330_43 114 272 658 1.28
f2398_51 107 498 635 1.66
f0655_10 90 677 173 1.99
f0976_41 73 593 314 4.18
f2454_73 114 793 534 1.35
f2345_87 113 372 613 2.2
f2129_55 113 330 610 1.49
f1260_34 104 1052 914 1.12
f1000_45 109 487 645 1.13
f0341_00 60 130 640 1.69
f3330_43 114 272 658 1.28
f2398_51 107 498 635 1.66
f1574_26 114 662 418 1.22
f1210_47 105 565 544 2
f3288_23 116 32 42 1.22
f0673_28 114 651 439 1.26
f0341_00 60 130 640 1.69
f1000_45 109 487 645 1.13
f1986_20 106 48 308 1.75
f1688_24 106 414 40 1.88
f0341_00 60 130 640 1.69
f1574_26 114 662 418 1.22
f1210_47 105 565 544 2
f3288_23 116 32 42 1.22
f0673_28 114 651 439 1.26
f1000_45 109 487 645 1.13
f1561_30 103 493 529 1.58
f1031_37 105 426 50 1.55
f3844_11 107 548 501 1.95
f1367_00 92 519 92 1.79
f1574_26 114 662 418 1.22
f1210_47 105 565 544 2
f3288_23 116 32 42 1.22
f0673_28 114 651 439 1.26
f2293_68 104 9 380 1.53
f0532_09 116 231 23 1.59
f3375_30 116 62 117 1.46
f3858_25 116 48 151 3.43
f1700_36 103 9 337 3.43
f3988_14 103 587 355 2.03
f1124_24 114 153 11 2.26
f2265_80 103 97 492 2.08
f0780_06 93 149 4 3.43
f3769_10 105 198 630 3.6
f3906_44 116 107 590 4.29
f3736_09 114 598 478 4.52
f3352_39 113 499 95 2.12
f3975_15 115 490 73 1.98
f2506_77 99 34 210 2
f2426_87 95 81 118 1.59
f3586_05 108 214 28 1.61
f1947_49 103 292 582 1.71
f3114_13 102 151 19 1.71
f1353_42 101 364 592 1.75
f0539_34 110 523 112 1.71
f1503_02 81 19 399 1.75
f3834_35 116 206 15 1.71
f0959_27 105 785 812 1.03
f4092_24 99 39 132 1.62
f3171_30 114 410 500 2.06
f1045_35 54 594 526 1.28
f2544_53 105 622 449 1.62
f1664_04 106 654 265 2.09
f0203_21 111 230 650 1.57
f2272_85 109 176 211 4.12
f3520_45 116 341 285 1.79
f2145_89 87 477 70 2.16
f3416_28 117 102 531 1.51
f1847_26 100 369 4 1.61
f0595_35 100 598 398 1.61
f1045_35 54 594 526 1.28
f1664_04 106 654 265 2.09
f0203_21 111 230 650 1.57
f2544_53 105 622 449 1.62
f1888_11 78 301 467 2.54
f2191_53 116 354 116 1.11
f0861_29 88 419 467 3.76
f1245_39 81 151 540 2.26
f1014_23 96 640 487 1.47
f4007_21 117 639 283 3.94
f1045_35 54 594 526 1.28
f0203_21 111 230 650 1.57
f2544_53 105 622 449 1.62
f1664_04 106 654 265 2.09
f1014_23 96 640 487 1.47
f3613_20 93 119 586 4.45
f0596_26 111 331 642 2.99
f0843_06 113 239 355 2.05
f1920_09 101 85 1134 1.09
f3587_27 114 49 158 2.1
f1014_23 96 640 487 1.47
f0763_30 98 73 92 1.5
f1715_20 114 326 465 1.85
f1089_04 93 330 101 1.07
f4073_38 114 582 290 2.35
f2290_64 114 655 429 1.93
f1189_06 85 256 621 2.47
f1175_48 98 149 468 1.1
f2104_50 115 704 282 2.29
f1336_30 112 384 281 1.12
f2290_64 114 655 429 1.93
f0860_21 103 161 629 2.29
f3981_38 110 240 636 4.01
f3486_00 114 464 598 4.57
f1402_17 108 613 451 4.01
f3854_08 104 844 995 1.15
f2178_93 116 97 115 1.63
f4026_43 116 474 9 3.14
f2220_72 104 179 416 1.03
f1994_21 103 345 446 1.08
f2290_64 114 655 429 1.93
f0860_21 103 161 629 2.29
f0011_13 103 586 275 2.41
f0537_35 96 642 471 1.17
f0851_41 88 176 244 3.8
f1643_46 112 161 588 2.52
f3535_09 110 332 609 2.52
f2113_94 116 564 440 2.42
f3848_28 117 520 525 2.42
f1616_04 114 576 478 2.43
f0860_21 103 161 629 2.29
f0537_35 96 642 471 1.17
f3984_32 111 16 151 2.43
f2332_97 113 123 539 2.34
f3650_20 114 741 725 1.42
f1288_23 61 221 590 1.58
f1229_25 80 411 396 4.34
f0623_37 105 414 610 4.44
f2307_62 94 409 655 1.2
f2543_98 111 295 661 1.39
f0537_35 96 642 471 1.17
f2307_62 94 409 655 1.2
f2543_98 111 295 661 1.39
f1072_34 84 326 337 3.4
f2168_66 97 50 462 2.46
f2587_73 106 623 395 4.95
f2442_81 106 912 1050 1.19
f3625_17 107 453 172 1.07
f3580_22 116 321 687 2.3
f0035_19 106 1065 471 1.16
f2307_62 94 409 655 1.2
f2543_98 111 295 661 1.39
f3580_22 116 321 687 2.3
f3901_45 69 358 662 1.2
f0325_17 80 328 713 2.35
f0324_42 92 259 544 4.89
f1297_30 74 293 645 3.22
f2135_53 113 77 320 1.27
f1630_21 112 401 598 2.48
f0613_28 116 223 1096 1.52
f3580_22 116 321 687 2.3
f3901_45 69 358 662 1.2
f3392_06 116 587 1132 1.52
f1620_12 88 572 372 2.53
f4085_42 103 276 251 1.13
f0259_41 101 285 610 2.59
f0692_03 101 1100 569 1.13
f1545_40 92 41 265 4.18
f1753_34 108 927 225 1.16
f1600_43 105 517 4 1.59
f3901_45 69 358 662 1.2
f0180_29 85 58 30 2.07
f1775_42 112 672 186 1.85
f1600_43 105 517 4 1.59
f0170_40 97 686 306 1.88
f3750_00 114 141 416 1.81
f2515_57 111 275 35 1.86
f0540_22 90 2 592 2.99
f3958_42 114 322 14 3.41
f0612_11 103 223 564 4.27
f0180_29 85 58 30 2.07
f1775_42 112 672 186 1.85
f1600_43 105 517 4 1.59
f0170_40 97 686 306 1.88
f0108_12 105 116 501 3.61
f0748_15 91 567 300 3.65
f3859_23 112 49 403 1.93
f3104_25 104 813 1080 1.19
f1164_21 102 88 554 3.29
f2278_93 81 68 65 4.04
f1775_42 112 672 186 1.85
f0180_29 85 58 30 2.07
f0170_40 97 686 306 1.88
f2209_79 107 581 506 3.9
f1506_35 96 506 132 1.87
f0446_03 113 470 468 2.07
f1707_05 91 59 104 4.94
f3473_21 113 6 274 2.56
f2576_66 114 191 553 3.66
f0555_35 86 485 102 4.11
f3672_20 114 401 477 1.18
f0319_32 74 126 184 2.44
f0622_25 108 292 376 4.13
f1586_22 103 283 31 4.39
f4000_40 114 339 475 1.19
f3314_25 108 35 230 2.36
f3824_05 115 268 89 1.75
f3841_01 116 627 516 1.64
f3939_49 116 368 630 4.25
f1519_36 111 386 46 3.73
f3841_01 116 627 516 1.64
f1729_47 108 582 717 1.12
f3982_48 105 886 975 1.21
f2126_57 101 441 694 3.25
f1631_40 109 176 365 1.96
f3244_38 103 471 75 4.23
f3233_02 102 1039 552 1.17
f1757_24 103 297 512 1.15
f2308_56 114 530 447 2.32
f3347_47 115 24 529 2.38
f3841_01 116 627 516 1.64
f3347_47 115 24 529 2.38
f2165_54 100 551 612 3.26
f3857_01 110 366 582 2.57
f3129_16 101 16 238 3.72
f0826_18 105 224 25 3.72
f0511_03 102 61 439 3.55
f3559_23 110 587 323 4.09
f3121_43 106 318 4 4.09
f2079_27 115 522 540 4.5
f3347_47 115 24 529 2.38
f3410_19 112 602 396 4.43
f0584_22 96 280 192 1.19
f1282_39 114 177 858 1.42
f3986_31 114 159 851 1.42
f3428_02 113 9 424 4.44
f1489_03 93 47 349 4.93
f2509_53 109 587 166 4.48
f3367_07 114 108 49 4.48
f1676_30 110 587 108 3.91
f4008_34 103 6 240 3.47
f0681_47 103 465 167 1.16
f1735_22 104 175 579 4.39
f1294_12 99 27 120 3.7
f1547_06 111 536 482 4.03
f1081_19 94 371 5 4.41
f0347_04 116 587 235 3.83
f2351_74 114 496 97 4.18
f1357_25 84 36 210 4.04
f0075_46 99 520 526 4.01
f3380_04 111 368 611 4.01
f4032_33 108 592 268 3.93
f0751_28 105 309 11 3.93
f3782_00 114 577 448 3.77
f0503_44 96 24 266 3.84
f3211_20 109 212 9 4.06
f2502_59 104 219 127 1.16
f3348_00 107 106 505 3.58
f1395_14 88 504 42 4.29
f3106_05 115 315 605 3.74
f4086_36 105 485 89 3.9
f0636_12 103 147 47 4.05
f2086_25 105 77 134 4.06
f1505_21 91 607 289 3.55
f0792_07 111 371 570 4.03
f0450_41 111 21 320 4.25
f2137_90 87 193 560 4.39
f2235_81 112 415 26 4.37
f3948_41 101 341 600 4.37
f0923_31 107 555 458 4.37
f4075_12 116 239 529 1.54
f0668_31 105 403 53 2.39
f0320_41 113 167 25 3.43
f1204_09 110 238 579 4.25
f3536_49 107 1042 761 1.28
f2558_96 96 366 21 3.62
f0904_04 92 210 581 4.3
f3708_28 116 333 818 1.49
f2068_36 105 390 44 1.7
f1182_38 98 1110 872 1.11
f1779_01 104 481 504 1.74
f1296_02 80 467 30 4
f3297_22 110 389 1 4.46
f0735_17 109 603 259 3.84
f2161_58 105 47 405 2.35
f3356_11 117 794 135 1.54
f3600_46 113 591 389 4.36
f2374_59 114 555 412 4.2
f1082_22 107 102 170 2
f1653_02 107 491 222 2
f0872_30 84 473 21 3.52
f1109_36 100 591 306 4.16
f1425_23 108 542 118 4.18
f4006_12 114 577 428 4.15
f3921_41 111 112 46 3.8
f3460_47 115 507 544 4.38
f4029_29 114 232 209 1.76
f0944_27 99 312 29 2.17
f2223_83 114 482 573 3.59
f3718_40 114 388 186 4.31
f1370_48 108 226 77 1.97
f3616_07 105 255 527 1.3
f1265_03 105 331 605 4.4
f3891_31 116 402 3 4.45
f0815_12 114 112 521 4.4
f1927_01 105 356 1066 1.18
f2103_60 111 478 573 3.46
f1708_22 92 25 388 3.43
f1022_17 101 180 593 3.96
f1963_27 114 507 536 3.96
f0798_05 83 580 300 3.49
f0865_24 106 1165 659 1.25
f0884_29 98 552 214 4.96
f3985_04 114 573 573 1.22
f3956_26 105 564 1053 1.21
f3147_41 114 154 25 3.59
f0767_25 87 423 34 3.83
f3925_41 114 148 488 1.75
f2026_32 111 296 165 2.06
f1362_31 103 397 471 1.24
f3985_04 114 573 573 1.22
f1039_40 107 191 352 1.25
f1935_07 98 1156 276 1.12
f1893_26 108 684 718 1.17
f1950_08 107 537 534 3.21
f2524_58 82 82 154 3.82
f2013_19 95 31 222 4.97
f3882_22 104 571 159 2.61
f2197_62 87 381 170 4.83
f3169_14 116 83 392 4.39
f3985_04 114 573 573 1.22
f1356_29 80 39 186 1.87
f3934_45 103 732 503 1.04
f1281_28 107 420 131 1.23
f3196_35 116 187 482 1.32
f4015_05 103 125 430 1.23
f0936_34 92 372 334 1.26
f0951_29 107 598 133 4.32
f2000_40 112 110 243 1.81
f0227_27 99 1089 727 1.17
f3640_13 101 363 382 2
f3577_03 114 277 464 1.32
f3560_17 114 115 113 2.47
f4025_17 114 160 1171 1.52
f1382_07 98 126 835 1.07
f3860_20 112 298 540 1.8
f3302_29 114 269 160 1.71
f1473_30 114 193 105 1.32
f2204_78 114 858 54 1.48
f3344_26 107 774 1107 1.32
f0090_10 97 1150 120 1.12
f0911_02 99 144 386 1.27
f1247_15 113 99 188 1.75
f0665_47 104 382 710 3.29
f3216_33 108 458 4 4.87
f1332_24 104 186 155 4.08
f3339_15 95 203 502 4.08
f0115_34 104 352 332 4.08
f2346_88 104 631 338 4.69
f3997_45 109 940 352 1.29
f3639_43 116 537 47 4.2
f3929_28 80 397 144 4.44
f3778_23 106 596 152 3.85
f3627_46 114 489 576 3.85
f1770_47 100 579 108 3.95
f0646_22 107 238 631 3.08
f1594_09 84 461 606 3.58
f0607_27 84 425 342 3.55
f2465_75 117 332 629 3.82
f2474_84 117 255 637 3.83
f3769_10 105 198 630 3.6
f0780_06 93 149 4 3.43
f3906_44 116 107 590 4.29
f3736_09 114 598 478 4.52
f3613_20 93 119 586 4.45
f4007_21 117 639 283 3.94
f1526_31 104 687 245 1.61
f3486_00 114 464 598 4.57
f1402_17 108 613 451 4.01
f3981_38 110 240 636 4.01
f1526_31 104 687 245 1.61
f4026_43 116 474 9 3.14
f0623_37 105 414 610 4.44
f1297_30 74 293 645 3.22
f1164_21 102 88 554 3.29
f2278_93 81 68 65 4.04
f2209_79 107 581 506 3.9
f3939_49 116 368 630 4.25
f1676_30 110 587 108 3.91
f1950_08 107 537 534 3.21
f1526_31 104 687 245 1.61
f0951_29 107 598 133 4.32
f2414_89 116 666 371 2.44
f1494_41 113 409 674 3.47
f1899_19 61 472 643 2.47
f3978_35 115 180 650 3.05
f0366_08 92 170 638 4.68
f3398_06 109 89 594 4.98
f3177_03 115 663 337 2.97
f2514_50 114 649 204 3.36
f2414_89 116 666 371 2.44
f1494_41 113 409 674 3.47
f1899_19 61 472 643 2.47
f3177_03 115 663 337 2.97
f3978_35 115 180 650 3.05
f0366_08 92 170 638 4.68
f3398_06 109 89 594 4.98
f2514_50 114 649 204 3.36
f1599_48 92 460 620 3.3
f2255_70 116 284 675 2.66
f2414_89 116 666 371 2.44
f1899_19 61 472 643 2.47
f1494_41 113 409 674 3.47
f3978_35 115 180 650 3.05
f0366_08 92 170 638 4.68
f3398_06 109 89 594 4.98
f3177_03 115 663 337 2.97
f2514_50 114 649 204 3.36
f2255_70 116 284 675 2.66
f0842_22 96 121 604 3.3
f0842_22 96 121 604 3.3
f3451_01 92 584 34 4.39
f1599_48 92 460 620 3.3
f2255_70 116 284 675 2.66
f2310_51 98 321 650 3.95
f0598_49 96 603 491 4.89
f1198_41 111 234 685 3.69
f2233_79 108 663 376 2.96
f2247_97 91 216 650 4.52
f3719_06 112 624 520 2.8
f3451_01 92 584 34 4.39
f1599_48 92 460 620 3.3
f0842_22 96 121 604 3.3
f2310_51 98 321 650 3.95
f0598_49 96 603 491 4.89
f1198_41 111 234 685 3.69
f2233_79 108 663 376 2.96
f2247_97 91 216 650 4.52
f3719_06 112 624 520 2.8
f1814_24 87 138 618 4.16
f3451_01 92 584 34 4.39
f2247_97 91 216 650 4.52
f2310_51 98 321 650 3.95
f0598_49 96 603 491 4.89
f1198_41 111 234 685 3.69
f2233_79 108 663 376 2.96
f3719_06 112 624 520 2.8
f0276_07 99 24 577 4.19
f1814_24 87 138 618 4.16
f0554_17 102 116 625 2.89
f3245_09 106 689 291 4.75
f0276_07 99 24 577 4.19
f1814_24 87 138 618 4.16
f0554_17 102 116 625 2.89
f0194_30 89 657 225 3.82
f1290_49 93 267 691 3.81
f1627_25 114 675 384 3.36
f0728_14 106 76 19 4.96
f3456_33 118 544 6 4.61
f2194_63 111 273 652 2.96
f0276_07 99 24 577 4.19
f0194_30 89 657 225 3.82
f0554_17 102 116 625 2.89
f3245_09 106 689 291 4.75
f1290_49 93 267 691 3.81
f1627_25 114 675 384 3.36
f0728_14 106 76 19 4.96
f3456_33 118 544 6 4.61
f2194_63 111 273 652 2.96
f1565_04 114 618 481 4.15
f0194_30 89 657 225 3.82
f3245_09 106 689 291 4.75
f1627_25 114 675 384 3.36
f1290_49 93 267 691 3.81
f0728_14 106 76 19 4.96
f1565_04 114 618 481 4.15
f3456_33 118 544 6 4.61
f2194_63 111 273 652 2.96
f2366_64 94 569 41 4.35
f3482_33 108 141 612 2.92
f1565_04 114 618 481 4.15
f2366_64 94 569 41 4.35
f1093_13 110 335 687 4.96
f3482_33 108 141 612 2.92
f4036_01 114 625 130 3.29
f1036_49 95 562 589 2.45
f3632_10 113 291 684 4.5
f0837_08 51 107 629 3.08
f3656_42 100 296 652 4.37
f2378_69 111 281 681 2.53
f2366_64 94 569 41 4.35
f1093_13 110 335 687 4.96
f3482_33 108 141 612 2.92
f4036_01 114 625 130 3.29
f1036_49 95 562 589 2.45
f3632_10 113 291 684 4.5
f0837_08 51 107 629 3.08
f3656_42 100 296 652 4.37
f2378_69 111 281 681 2.53
f3223_18 97 114 634 3.92
f1093_13 110 335 687 4.96
f1036_49 95 562 589 2.45
f4036_01 114 625 130 3.29
f3632_10 113 291 684 4.5
f3319_48 102 320 688 4.12
f0837_08 51 107 629 3.08
f3656_42 100 296 652 4.37
f2378_69 111 281 681 2.53
f3223_18 97 114 634 3.92
f1787_36 96 66 10 3.15
f3926_17 115 153 665 4.92
f3279_28 115 393 668 3.56
f1406_38 97 594 50 3.89
f3319_48 102 320 688 4.12
f2315_59 109 66 561 4.75
f1787_36 96 66 10 3.15
f1375_23 97 633 143 4.79
f3223_18 97 114 634 3.92
f0242_22 90 25 35 3.22
f3317_25 102 157 624 4.57
f3279_28 115 393 668 3.56
f1406_38 97 594 50 3.89
f3319_48 102 320 688 4.12
f2315_59 109 66 561 4.75
f1787_36 96 66 10 3.15
f1375_23 97 633 143 4.79
f0242_22 90 25 35 3.22
f3926_17 115 153 665 4.92
f3317_25 102 157 624 4.57
f2110_56 117 593 93 3.52
f1406_38 97 594 50 3.89
f3926_17 115 153 665 4.92
f2315_59 109 66 561 4.75
f0242_22 90 25 35 3.22
f1375_23 97 633 143 4.79
f3279_28 115 393 668 3.56
f0611_34 98 231 683 4.32
f3317_25 102 157 624 4.57
f2110_56 117 593 93 3.52
f1864_10 105 55 5 3.68
f0611_34 98 231 683 4.32
f1864_10 105 55 5 3.68
f2110_56 117 593 93 3.52
f2365_62 109 556 47 4.13
f2020_16 102 679 330 4.84
f3284_38 103 124 644 2.53
f1514_35 106 95 12 4.73
f1306_03 69 538 30 4.51
f3252_32 115 436 644 2.93
f1066_29 85 41 47 4.48
f1864_10 105 55 5 3.68
f0611_34 98 231 683 4.32
f2365_62 109 556 47 4.13
f2020_16 102 679 330 4.84
f3284_38 103 124 644 2.53
f1514_35 106 95 12 4.73
f1306_03 69 538 30 4.51
f3252_32 115 436 644 2.93
f1066_29 85 41 47 4.48
f1393_25 109 627 459 4.95
f1306_03 69 538 30 4.51
f2365_62 109 556 47 4.13
f2020_16 102 679 330 4.84
f3284_38 103 124 644 2.53
f1514_35 106 95 12 4.73
f3252_32 115 436 644 2.93
f1187_49 89 174 659 3.75
f1066_29 85 41 47 4.48
f1393_25 109 627 459 4.95
f1585_06 112 537 12 2.43
f3332_19 113 688 318 4.46
f1585_06 112 537 12 2.43
f1393_25 109 627 459 4.95
f1187_49 89 174 659 3.75
f3953_28 109 378 664 2.43
f2469_50 109 36 59 3.89
f3798_08 106 30 56 4.65
f1133_00 106 417 660 4.39
f0993_30 113 604 88 3.78
f2352_97 104 570 564 3.32
f1585_06 112 537 12 2.43
f3953_28 109 378 664 2.43
f1187_49 89 174 659 3.75
f3332_19 113 688 318 4.46
f2469_50 109 36 59 3.89
f3798_08 106 30 56 4.65
f1133_00 106 417 660 4.39
f0993_30 113 604 88 3.78
f2352_97 104 570 564 3.32
f3863_30 105 314 660 4.9
f3953_28 109 378 664 2.43
f3332_19 113 688 318 4.46
f3919_18 114 118 602 4.02
f2469_50 109 36 59 3.89
f3798_08 106 30 56 4.65
f1133_00 106 417 660 4.39
f0993_30 113 604 88 3.78
f2352_97 104 570 564 3.32
f3863_30 105 314 660 4.9
f0029_05 96 591 524 2.92
f1126_06 114 567 552 3.81
f3919_18 114 118 602 4.02
f3218_23 114 81 22 4.32
f1996_12 110 540 576 3.22
f1485_22 100 637 189 3.63
f3863_30 105 314 660 4.9
f0029_05 96 591 524 2.92
f1769_04 110 58 1 2.79
f1304_45 86 307 681 3.13
f0106_05 99 150 663 3.38
f3919_18 114 118 602 4.02
f3218_23 114 81 22 4.32
f1996_12 110 540 576 3.22
f1485_22 100 637 189 3.63
f1769_04 110 58 1 2.79
f0029_05 96 591 524 2.92
f1126_06 114 567 552 3.81
f1304_45 86 307 681 3.13
f0106_05 99 150 663 3.38
f3246_06 108 194 675 2.56
f3218_23 114 81 22 4.32
f1996_12 110 540 576 3.22
f1485_22 100 637 189 3.63
f1769_04 110 58 1 2.79
f1126_06 114 567 552 3.81
f1304_45 86 307 681 3.13
f0527_23 108 601 116 3.49
f0106_05 99 150 663 3.38
f3246_06 108 194 675 2.56
f1525_00 103 419 671 2.66
f0527_23 108 601 116 3.49
f3246_06 108 194 675 2.56
f1525_00 103 419 671 2.66
f0675_24 96 266 356 1.96
f3316_22 106 235 65 1.96
f3669_35 114 515 413 4.34
f1458_19 109 409 414 4.2
f1464_23 85 357 399 4.73
f3557_12 107 1022 778 1.32
f3287_41 105 710 162 3.28
f1525_00 103 419 671 2.66
f0527_23 108 601 116 3.49
f3435_24 105 1189 256 1.25
f0870_31 100 545 263 4.2
f0226_08 113 1037 1079 1.51
f0931_37 110 105 776 1.3
f1441_43 97 343 344 1.95
f2434_59 102 180 286 1.33
f2038_08 101 189 1139 1.24
f3135_37 117 212 235 1.46
f2479_65 112 1054 897 1.49
f1154_00 65 302 109 2.2
f2234_78 114 506 945 1.52
f3299_12 114 186 437 1.38
f3767_45 109 120 393 1.33
f0942_17 71 23 217 4.11
f3720_15 71 606 297 4.11
f1698_35 105 352 458 1.92
f0547_28 114 390 107 1.41
f2579_76 113 328 1135 1.52
f3805_07 113 599 1073 1.52
f0280_20 100 1010 1127 1.24
f2313_55 111 609 1171 1.47
f3739_34 105 218 503 1.91
f0606_11 101 894 653 1.21
f0825_23 9 86 346 3.33
f0684_13 79 215 9 4.27
f0699_19 96 765 471 1.05
f0850_30 112 1011 933 1.5
f3105_03 103 354 886 1.15
f0825_23 9 86 346 3.33
f3126_20 114 425 255 1.65
f3893_01 104 773 407 1.11
f3385_08 108 285 35 4.47
f0827_09 109 304 300 4.22
f0391_32 108 1089 265 1.38
f3850_20 114 1187 1128 1.55
f2503_57 110 381 142 4.25
f3338_15 102 484 410 1.87
f1816_24 70 419 296 2.35
f0825_23 9 86 346 3.33
f1579_11 111 792 592 1.38
f1484_21 89 138 275 1.15
f3533_31 114 18 452 4.58
f0240_02 111 567 493 2.66
f2159_53 112 367 343 1.46
f2115_77 105 990 563 1.27
f2230_67 94 200 397 1.42
f1205_25 102 426 380 1.84
f3584_47 109 906 338 1.32
f0825_23 9 86 346 3.33
f3125_02 105 215 719 3.31
f1800_08 104 387 316 2.03
f0680_28 117 504 27 4.92
f0869_20 78 568 424 2.47
f3889_26 112 782 685 1.46
f3683_06 113 210 509 1.67
f3350_11 96 444 371 1.82
f0005_26 73 23 382 3.03
f3203_10 113 1181 1062 1.54
f1242_30 105 65 829 1.18
f3371_34 116 28 114 4.65
f2397_92 109 336 209 1.48
f3515_26 94 96 45 2.63
f2014_07 104 335 981 1.22
f3100_44 109 462 145 1.76
f2595_89 112 362 106 1.69
f1151_39 105 756 16 1.15
f1231_36 102 760 1029 1.31
f3334_16 97 219 318 1.51
f3596_19 105 315 354 1.75
f3156_26 117 435 228 2.19
f0036_39 92 429 259 1.74
f1405_35 94 463 440 4.11
f3878_43 105 458 408 1.72
f1028_20 99 160 434 1.7
f1244_09 98 316 56 1.7
f1936_06 110 797 467 1.36
f2205_74 97 211 398 1.58
f0123_28 97 144 462 1.69
f1195_27 93 1179 624 1.03
f1001_28 105 485 259 1.65
f1454_12 96 241 221 1.65
f4058_09 99 547 725 1.16
f3755_33 107 631 917 1.32
f1185_47 94 284 872 1.03
f0207_46 110 7 6 2.28
f0951_29 107 598 133 4.32
f1978_04 102 1076 836 1.33
f1078_11 106 719 892 1.28
f2560_93 106 118 982 1.28
f3874_15 113 552 307 2.29
f4020_15 114 919 934 1.58
f2587_73 106 623 395 4.95
f0135_03 91 402 727 3.15
f2030_28 105 76 899 1.23
f1397_09 114 275 410 2.16
f0876_43 99 196 141 4.12
f0409_49 95 244 999 1.13
f0489_49 95 973 517 1.13
f2495_59 112 51 357 4.43
f2440_79 99 948 623 1.26
f2060_18 108 1152 57 1.43
f0621_33 107 150 545 2.63
f1950_08 107 537 534 3.21
f2363_77 110 801 1034 1.49
f0360_15 114 1034 675 1.59
f1310_44 107 319 916 1.3
f3713_40 113 299 407 4.38
f1254_34 105 1001 5 1.33
f3164_09 114 628 672 1.54
f2394_84 113 27 185 4.66
f0602_16 102 890 684 1.3
f3427_21 117 525 294 4.55
f0644_19 113 518 183 2.32
f0978_05 96 861 62 1.17
f1361_36 108 1067 225 1.43
f1422_18 112 939 708 1.55
f0596_26 111 331 642 2.99
f0087_24 101 734 865 1.31
f3544_20 105 710 276 2.17
f3388_36 110 1144 346 1.5
f0601_32 59 515 41 1.99
f3835_39 111 797 821 1.52
f1811_11 93 38 1060 1.09
f0545_49 86 540 403 2.52
f1918_04 87 404 117 1.14
f0712_09 102 414 1003 1.32
f2556_97 101 1062 1101 1.36
f0711_11 99 979 407 1.29
f1962_12 114 266 181 2.18
f1762_28 112 867 767 1.56
f1004_07 113 615 360 4.69
f0321_36 108 448 576 2.7
f2395_78 104 264 312 4.16
f0577_19 105 28 210 2.67
f1676_30 110 587 108 3.91
f0804_00 106 1103 649 1.4
f2015_08 95 120 1176 1.22
f3979_36 111 1135 353 1.54
f2177_57 69 109 518 2.93
f1051_38 98 972 18 1.29
f1208_33 73 366 35 3.04
f2402_75 116 304 615 2.68
f1180_21 102 605 748 1.25
f2062_39 89 495 303 1.85
f1663_13 93 159 153 4.15
f0579_26 85 63 361 1.07
f3939_49 116 368 630 4.25
f1169_08 114 12 576 2.46
f2566_51 114 411 699 2.46
f2094_44 92 292 981 1.06
f1839_31 95 121 474 4.28
f1050_39 105 123 522 2.69
f0241_46 114 1038 343 1.63
f3400_08 114 1017 465 1.63
f3843_30 114 212 1124 1.63
f0756_22 93 127 376 2.09
f0172_40 112 450 489 4.41
f0528_49 105 192 575 2.7
f3532_39 115 686 1175 1.67
f2278_93 81 68 65 4.04
f2209_79 107 581 506 3.9
f1164_21 102 88 554 3.29
f2125_64 111 960 878 1.56
f2056_40 78 210 78 3.06
f0934_12 114 253 186 4.48
f2575_67 87 658 77 3.05
f0088_22 96 428 81 4.31
f3758_19 113 1094 1027 1.61
f0397_27 112 512 243 4.41
f1390_10 109 430 1006 1.5
f0213_49 72 44 180 1.13
f1843_09 98 333 706 3.41
f0689_06 81 148 305 3.48
f2584_73 116 10 853 1.71
f3429_41 116 611 1195 1.71
f2392_80 114 1159 1200 1.6
f3726_09 93 546 349 2.16
f2341_65 115 1077 1187 1.68
f0412_26 100 455 869 1.33
f1297_30 74 293 645 3.22
f1218_35 85 42 480 2.71
f0052_42 16 657 388 3.67
f0454_20 100 133 433 4.17
f3309_37 111 358 937 1.55
f0125_02 75 503 170 4.01
f0745_35 114 577 858 1.65
f1212_39 114 778 1089 1.65
f0488_39 103 802 674 1.35
f0052_42 16 657 388 3.67
f1678_19 110 1103 278 1.55
f3476_46 110 130 302 2.16
f2080_34 66 697 289 1.17
f3770_21 105 651 526 2.23
f1662_01 113 434 182 4.46
f3817_22 106 931 316 1.36
f0384_36 94 806 876 1.24
f0302_47 98 1109 296 1.38
f1942_21 114 264 11 4.73
f0052_42 16 657 388 3.67
f3504_46 114 163 15 4.73
f2418_82 107 491 61 4.73
f1116_09 110 260 620 4.74
f3695_42 115 510 895 1.69
f0623_37 105 414 610 4.44
f1841_05 111 594 1016 1.58
f0924_33 105 628 299 2.74
f3944_02 86 138 199 1.1
f1609_27 103 273 1115 1.45
f0052_42 16 657 388 3.67
f1080_00 89 271 414 2.08
f3631_34 111 426 146 2.18
f1803_09 104 541 1200 1.45
f3740_01 102 397 712 2.18
f1500_25 89 132 355 4.14
f0436_17 110 608 922 1.56
f3518_46 117 874 39 1.76
f3337_21 117 541 417 2.64
f1167_31 96 239 490 2.12
f4026_43 116 474 9 3.14
f1881_37 91 381 1190 1.1
f2312_87 103 485 1129 1.46
f3981_38 110 240 636 4.01
f3486_00 114 464 598 4.57
f1402_17 108 613 451 4.01
f2196_58 100 792 437 1.34
f0482_06 105 702 900 1.43
f1374_18 113 319 473 2.22
f1622_16 107 123 361 4.31
f3608_13 116 1083 459 1.74
f0574_03 94 51 364 2.32
f1596_10 88 477 368 1.62
f1861_26 107 1103 631 1.5
f4007_21 117 639 283 3.94
f3613_20 93 119 586 4.45
f1797_27 85 303 46 2.01
f3478_49 114 706 418 3.7
f2451_68 105 986 255 1.42
f3262_45 87 478 308 1.89
f3996_02 101 545 263 4.38
f3258_46 111 106 671 2.44
f2076_31 109 69 394 2.33
f2251_74 87 283 327 1.33
f2072_32 105 453 315 4.27
f3881_31 98 444 1189 1.43
f3753_43 113 271 1193 1.65
f3885_04 115 944 247 1.72
f0720_38 101 100 517 2.74
f1560_15 114 69 85 2.74
f1659_04 107 588 351 4.75
f0200_38 55 219 240 2.36
f1657_06 84 348 174 4.94
f0589_20 94 384 364 2.14
f3906_44 116 107 590 4.29
f3736_09 114 598 478 4.52
f3769_10 105 198 630 3.6
f0780_06 93 149 4 3.43
f2492_72 105 485 484 4.63
f1104_24 81 20 404 2.78
f2133_68 96 350 212 4.21
f1067_20 83 278 230 4.87
f0445_46 103 279 789 1.38
f4035_29 110 855 165 1.55
f2164_60 115 798 785 1.73
f2465_75 117 332 629 3.82
f2474_84 117 255 637 3.83
f0039_14 87 288 225 2.05
f1398_48 96 454 183 2.15
f2574_64 107 389 955 1.49
f2218_51 104 392 772 1.38
f0329_34 115 692 413 3.75
f2016_39 110 233 42 4.67
f1068_20 57 33 138 2.97
f1112_30 114 375 85 2.26
f3734_01 113 13 29 3.69
f0209_30 87 281 246 1.48
f0737_49 90 872 791 1.11
f3598_35 116 224 185 2.29
f2455_72 111 341 259 4.47
f0549_39 97 36 295 4.7
f0297_05 105 453 135 4.3
f1450_34 114 582 615 2.59
f1594_09 84 461 606 3.58
f3123_42 116 327 374 4.69
f1348_27 64 320 18 3.15
f0166_12 96 581 362 2.76
f1138_27 91 629 944 1.19
f1319_00 83 388 308 4.9
f1305_42 109 567 195 2.8
f0158_20 110 657 643 1.56
f1976_25 104 949 719 1.51
f0882_28 94 223 1192 1.36
f3418_34 99 692 142 3.53
f1016_36 62 313 294 3.14
f1155_22 113 447 1172 1.68
f0381_28 96 199 522 4.23
f3747_12 63 563 253 2.68
f1238_43 102 642 874 1.48
f3152_47 114 117 285 4.61
f0646_22 107 238 631 3.08
f2010_38 115 272 459 4.66
f3601_49 110 370 316 2.22
f2541_99 114 1038 953 1.72
f0536_45 85 544 202 2.64
f3728_28 108 293 792 1.5
f3867_42 107 1109 750 1.55
f4011_12 114 532 333 2.28
f3756_06 116 144 139 4.72
f3175_03 96 885 339 1.41
f1235_34 104 525 662 2.3
f3181_10 97 285 737 2.24
f1480_24 98 329 864 1.45
f2478_68 84 642 531 3.02
f4082_29 109 734 288 2.45
f0538_03 83 469 498 2.1
f1211_04 109 531 859 1.59
f1236_11 105 811 576 1.47
f0157_12 106 376 819 1.45
f0354_10 53 505 322 2.46
f0093_24 112 235 473 4.55
f1912_13 109 531 373 2.22
f2057_23 95 731 775 1.4
f0569_42 97 874 9 1.46
f1160_23 71 710 205 1.84
f0776_08 90 354 30 4.68
f1345_41 105 674 494 2.34
f1143_43 105 805 585 1.48
f1120_05 105 400 949 1.51
f3778_23 106 596 152 3.85
f3627_46 114 489 576 3.85
f1770_47 100 579 108 3.95
f2242_91 114 357 484 4.65
f1689_07 108 900 765 1.59
f1958_33 86 88 353 1.69
f0089_16 105 967 1147 1.54
f1952_17 88 260 1014 1.03
f1105_31 97 67 407 4.49
f0154_34 94 492 848 1.37
f2203_77 106 217 516 2.19
f1186_07 96 432 356 2.19
f1249_33 100 1166 84 1.55
f0513_18 95 551 100 4.85
f3301_38 96 227 49 4.71
f0678_26 90 764 813 1.2
f3780_30 113 695 489 2.62
f2512_54 111 499 449 4.63
f0614_14 91 30 421 4.83
f1410_19 51 253 363 2.21
f1340_02 108 101 936 1.6
f3193_08 116 1151 1023 1.81
f1642_04 97 672 992 1.51
f3653_40 97 1064 822 1.51
f1172_25 89 694 705 1.13
f2009_39 91 1044 125 1.28
f3184_11 113 91 341 4.63
f0928_42 103 1058 699 1.56
f1792_12 112 471 846 1.69
f2134_58 100 426 168 4.27
f1818_11 96 73 242 4.27
f3574_30 113 264 709 3.74
f0286_16 80 382 367 4.8
f1495_32 50 677 190 3.76
f3434_00 116 733 208 2.78
f4094_49 94 125 59 4.81
f2587_73 106 623 395 4.95
f1268_12 114 768 69 1.76
f1469_25 82 115 64 4.84
f1418_02 102 429 1183 1.57
f0631_03 112 495 395 2.29
f1495_32 50 677 190 3.76
f2063_00 73 518 257 4.04
f0697_31 104 636 776 1.53
f3639_43 116 537 47 4.2
f0031_02 95 995 260 1.47
f3825_12 104 754 135 1.5
f2450_56 104 38 704 1.5
f3294_06 114 63 764 1.77
f3764_37 115 590 1052 1.8
f0535_19 105 221 95 4.39
f1495_32 50 677 190 3.76
f1412_36 112 369 183 4.62
f3712_14 116 718 862 1.83
f3267_41 109 196 866 1.63
f3308_03 104 1097 838 1.58
f3945_00 116 228 478 4.82
f2346_88 104 631 338 4.69
f1293_37 67 644 278 4.84
f3436_22 107 865 118 1.59
f1429_14 88 1146 340 1.12
f3342_24 117 256 1014 1.86
f0680_28 117 504 27 4.92
f0781_31 108 543 648 2.5
f3481_39 111 678 704 1.69
f1257_26 92 436 545 2.82
f1919_17 96 1010 229 1.53
f3742_12 93 380 603 4.86
f3969_02 114 227 333 4.74
f0523_42 102 348 699 2.34
f2049_38 100 141 1061 1.6
f0534_00 109 511 127 4.77
f3692_49 117 754 70 1.87
f3217_28 114 193 301 4.75
f1041_18 95 811 919 1.52
f1270_28 107 569 1034 1.62
f0819_13 107 267 462 4.48
f1471_42 96 104 854 1.53
f3207_05 112 128 200 2.32
f2485_77 113 181 1195 1.76
f2362_73 97 448 855 1.55
f1913_37 110 343 458 2.3
f2118_60 110 421 99 2.3
f4043_08 52 278 150 2.94
f3787_15 114 405 828 1.8
f3216_33 108 458 4 4.87
f4004_35 115 369 288 2.37
f0067_25 70 38 110 4.83
f2271_86 94 482 877 1.48
f0899_05 97 598 578 2.32
f3176_15 107 91 510 4.89
f0234_16 110 416 691 3.71
f2032_22 77 284 396 3.28
f1961_34 84 267 277 1.57
f1831_15 46 350 233 1.31
f4037_48 112 674 1079 1.74
f1862_37 109 508 733 1.67
f4012_13 110 270 540 4.63
f0992_04 87 1128 357 1.11
f2475_66 107 490 397 2.27
f1668_08 101 510 68 4.83
f1831_15 46 350 233 1.31
f1697_45 102 8 503 1.8
f0766_01 107 566 28 1.27
f1287_40 91 75 10 1.11
f1434_10 98 530 585 2.1
f1141_12 96 546 550 1.59
f3597_18 114 350 647 1.65
f4077_42 110 632 174 2.05
f1017_30 103 191 660 2.03
f2306_63 106 678 199 1.62
f1831_15 46 350 233 1.31
f3820_39 60 202 650 1.31
f3785_26 97 417 156 2.26
f4003_07 99 172 104 4.33
f0708_14 100 463 122 4.34
f3790_48 117 650 250 1.35
f0672_28 94 57 16 1.4
f1987_47 104 13 514 1.4
f3271_09 110 606 485 1.41
f0559_18 103 609 484 1.4
f2100_97 114 217 662 1.56
f3151_13 106 576 53 1.44
f1508_14 83 574 71 1.8
f3146_14 101 868 430 1.62
f0858_32 95 643 466 1.44
f1604_07 110 521 576 1.3
f1809_16 81 590 522 1.01
f1074_34 101 610 103 1.15
f0891_44 98 121 1037 1.62
f3253_11 116 274 656 1.19
f3330_43 114 272 658 1.28
f2398_51 107 498 635 1.66
f0341_00 60 130 640 1.69
f3288_23 116 32 42 1.22
f0673_28 114 651 439 1.26
f1574_26 114 662 418 1.22
f1210_47 105 565 544 2
f1000_45 109 487 645 1.13
f1956_19 106 368 466 4.49
f1664_04 106 654 265 2.09
f0203_21 111 230 650 1.57
f2544_53 105 622 449 1.62
f2037_06 92 856 428 1.42
f2193_99 114 262 433 4.81
f1856_37 96 588 210 2.86
f2243_87 98 275 282 4.34
f1014_23 96 640 487 1.47
f0563_12 64 336 525 2.58
f2290_64 114 655 429 1.93
f1794_07 85 726 291 3.19
f1584_28 114 1019 228 1.82
f1817_18 105 984 400 1.63
f0266_14 105 12 1138 1.63
f0537_35 96 642 471 1.17
f3494_34 116 630 55 2.93
f1755_46 100 1190 1115 1.64
f0571_24 75 511 653 1.02
f2307_62 94 409 655 1.2
f2543_98 111 295 661 1.39
f1149_46 60 355 242 2.59
f3901_45 69 358 662 1.2
f1799_27 116 92 1086 1.88
f1451_24 83 114 366 1.73
f0180_29 85 58 30 2.07
f1775_42 112 672 186 1.85
f1600_43 105 517 4 1.59
f0170_40 97 686 306 1.88
f2105_51 57 142 118 2.63
f2415_79 99 385 52 4.78
f0741_44 27 665 196 1.28
f0741_44 27 665 196 1.28
f3158_03 112 123 1182 1.77
f1403_42 108 349 358 2.31
f0860_21 103 161 629 2.29
f3580_22 116 321 687 2.3
f0083_09 93 1163 90 1.53
f2580_69 109 274 98 4.62
f0976_41 73 593 314 4.18
f3841_01 116 627 516 1.64
f0995_43 97 553 136 2.88
f0741_44 27 665 196 1.28
f0656_11 84 180 376 2.11
f2108_54 88 125 205 2.24
f1588_11 109 228 34 2.81
f1284_38 86 407 410 2.19
f3998_40 105 271 968 1.65
f0898_29 105 1111 1027 1.65
f1487_45 105 1157 290 1.65
f0971_24 78 442 121 3.55
f1293_37 67 644 278 4.84
f3985_04 114 573 573 1.22
f0994_46 85 984 598 1.02
f3963_34 115 406 290 2.42
f0964_10 67 599 584 1.64
f2338_70 96 0 571 3.66
f2206_73 89 1179 144 1.36
f3700_25 114 96 340 4.89
f3472_19 87 198 974 1.21
f1879_44 94 311 1040 1.59
f1100_46 41 473 257 2.26
f1100_46 41 473 257 2.26
f3830_48 103 822 970 1.67
f1526_31 104 687 245 1.61
f3347_47 115 24 529 2.38
f1618_39 102 449 790 1.67
f1580_14 85 148 67 2.9
f1761_43 100 435 456 4.42
f0389_38 96 741 109 1.64
f2547_96 114 231 411 4.92
f1492_06 87 59 1189 1.24
f1100_46 41 473 257 2.26
f2493_99 108 246 100 4.64
f1563_24 87 755 632 1.23
f1486_35 82 177 487 1.62
f2447_93 106 201 239 2.32
f0683_02 105 113 352 2.32
f0985_44 102 1047 577 1.68
f2514_50 114 649 204 3.36
f3658_27 103 874 601 1.68
f0639_24 87 340 884 1.24
f1525_00 103 419 671 2.66
f3246_06 108 194 675 2.56
f0527_23 108 601 116 3.49
f0106_05 99 150 663 3.38
f1685_23 97 592 676 1.68
f1531_34 92 1024 333 1.55
f0779_27 92 866 822 1.55
f3873_37 116 423 263 2.46
f1585_06 112 537 12 2.43
f3953_28 109 378 664 2.43
f0248_43 106 1033 254 1.68
f0077_13 106 707 1141 1.68
f1494_41 113 409 674 3.47
f1899_19 61 472 643 2.47
f0470_37 95 1003 1152 1.64
f1683_30 107 11 913 1.7
f2051_15 107 1015 202 1.7
f3358_28 105 327 840 1.68
f0842_22 96 121 604 3.3
f2255_70 116 284 675 2.66
f1599_48 92 460 620 3.3
f0139_23 64 167 612 3.55
f1462_01 105 486 324 4.56
f0059_21 110 347 257 2.38
f4036_01 114 625 130 3.29
f1036_49 95 562 589 2.45
f3284_38 103 124 644 2.53
f1707_05 91 59 104 4.94
f1359_45 86 877 1045 1.19
f3279_28 115 393 668 3.56
f0242_22 90 25 35 3.22
f1627_25 114 675 384 3.36
f3719_06 112 624 520 2.8
f1005_12 40 84 51 2.36
f3690_41 105 143 141 4.57
f1787_36 96 66 10 3.15
f2378_69 111 281 681 2.53
f1769_04 110 58 1 2.79
f0029_05 96 591 524 2.92
f1704_29 113 130 329 2.43
f1005_12 40 84 51 2.36
f3978_35 115 180 650 3.05
f2414_89 116 666 371 2.44
f2352_97 104 570 564 3.32
f1996_12 110 540 576 3.22
f0659_24 111 537 256 4.82
f2530_91 114 532 410 2.72
f2233_79 108 663 376 2.96
f2482_62 108 398 174 4.68
f1304_45 86 307 681 3.13
f1005_12 40 84 51 2.36
f0554_17 102 116 625 2.89
f3252_32 115 436 644 2.93
f2110_56 117 593 93 3.52
f3177_03 115 663 337 2.97
f0517_23 92 271 178 4.41
f2194_63 111 273 652 2.96
f1491_42 102 749 1034 1.7
f0642_27 75 460 320 4.73
f0358_32 89 632 1054 1.43
f4033_05 105 18 102 1.9
f3391_40 116 583 493 1.9
f1324_40 110 1126 155 1.77
f3482_33 108 141 612 2.92
f0942_17 71 23 217 4.11
f3720_15 71 606 297 4.11
f2102_52 108 261 143 4.7
f1949_20 87 797 624 1.29
f3604_21 106 428 206 4.63
f2013_19 95 31 222 4.97
f0839_37 101 532 803 1.71
f2431_93 93 17 1051 1.62
f1813_25 92 831 515 1.57
f3360_00 114 413 892 1.89
f3389_44 116 163 1065 1.94
f2073_06 114 111 183 2.47
f0733_34 107 298 644 2.12
f3474_05 110 700 319 2.83
f0383_43 113 1154 813 1.87
f3519_18 90 422 429 2.35
f1097_20 105 49 635 3.73
f2117_54 95 1072 598 1.69
f1368_03 104 376 637 1.33
f4059_48 109 1032 485 1.77
f3681_31 105 397 370 2.37
f2551_80 112 469 406 4.93
f1790_11 99 606 6 2.5
f1303_05 87 989 735 1.34
f3154_48 106 1024 613 1.72
f1946_25 94 1173 749 1.67
f1472_37 105 491 131 2.6
f3838_46 116 639 31 3.18
f3670_40 108 437 477 2.4
f0107_06 107 644 1174 1.74
f1804_32 85 197 69 2.52
f1162_15 85 276 210 2.25
f3202_01 101 581 991 1.73
f1851_06 87 761 594 1.34
f3540_36 108 158 946 1.76
f4070_43 100 73 268 4.52
f1764_25 93 462 850 1.65
f3507_42 109 344 279 2.42
f0452_37 78 388 446 3.82
f0533_32 93 988 715 1.66
f3802_05 101 887 883 1.74
f2577_65 115 667 1178 1.94
f0863_41 115 12 122 2.48
f1399_06 90 86 565 2.51
f3933_30 114 196 135 2.5
f3159_16 113 1056 35 1.89
f3630_14 105 41 163 2.96
f2229_88 97 508 144 2.68
f0705_35 95 1120 326 1.72
f2148_78 113 73 106 2.97
f3397_12 114 201 811 1.92
f3514_20 113 144 4 2.21
f0023_08 106 496 176 4.73
f2559_95 73 490 468 3.21
f0558_01 105 846 1017 1.74
f1094_42 111 1077 859 1.84
f0884_29 98 552 214 4.96
f2162_62 99 150 168 2.4
f1060_13 95 164 62 2.89
f0211_26 108 648 280 1.96
f0128_00 84 1103 429 1.15
f1542_30 93 229 388 4.48
f1562_13 101 211 947 1.75
f2383_60 112 574 826 1.87
f0732_46 77 227 291 4.97
f3657_40 111 353 507 4.95
f3796_14 91 1024 665 1.62
f1512_39 86 10 983 1.33
f1796_21 98 483 25 2.14
f2372_55 104 182 87 4.7
f3537_23 92 183 445 4.49
f1838_49 96 444 939 1.76
f1933_13 105 156 185 4.72
f0778_20 100 21 217 2.98
f1714_49 102 139 841 1.76
f1008_28 107 526 365 4.81
f1293_37 67 644 278 4.84
f1363_19 103 1106 24 1.76
f1902_10 88 736 1073 1.49
f1597_45 94 620 356 3.09
f3800_17 95 607 813 1.75
f0040_25 106 147 392 4.76
f2268_88 117 361 730 4.07
f0651_45 91 494 905 1.64
f1795_30 109 400 403 4.89
f0809_16 106 153 1122 1.76
f2461_99 111 363 302 2.49
f0829_00 80 223 168 1.43
f2534_96 113 619 443 1.77
f2139_75 82 516 647 2.27
f2557_98 112 883 1037 1.89
f0139_23 64 167 612 3.55
f0499_10 98 323 296 2.43
f0982_06 88 751 847 1.5
f2258_85 117 169 761 2.08
f0520_25 87 364 144 2.35
