f2200_55 108 1119 815 2.32
f1112_30 114 375 85 2.26
f1381_00 97 261 452 4.62
f0284_34 97 263 550 1.03
f1333_48 105 647 564 4.47
f3975_15 115 490 73 1.98
f3232_11 108 955 404 3.1
f1814_24 87 138 618 4.16
f3319_48 102 320 688 4.12
f1177_42 101 864 1135 2.14
f1566_38 109 1120 353 4.85
f3711_08 103 677 1147 2.51
f0924_33 105 628 299 2.74
f3318_25 112 288 67 1.2
f0282_04 65 829 313 1.57
f1167_31 96 239 490 2.12
f2463_79 103 1183 301 4.57
f3805_07 113 599 1073 1.52
f1104_24 81 20 404 2.78
f1973_24 94 1090 377 3.89
f1828_25 80 879 1182 4.92
f3254_32 78 686 645 2.1
f1363_19 103 1106 24 1.76
f0237_46 92 304 148 3.57
f2372_55 104 182 87 4.7
f1501_00 106 811 990 3.58
f0878_21 96 674 815 4.88
f2066_29 110 552 1040 4.87
f2136_68 80 1128 63 4.82
f1286_47 110 1183 833 4.98
f2509_53 109 587 166 4.48
f0641_22 99 852 13 3.26
f2105_51 57 142 118 2.63
f3671_04 103 749 542 2.58
f1128_24 82 1140 326 1.18
f3996_02 101 545 263 4.38
f2253_73 110 783 757 4.32
f0054_14 111 1116 93 3.97
f1276_10 109 78 1120 1.9
f3546_36 114 1138 694 3.36
f0876_43 99 196 141 4.12
f1293_37 67 644 278 4.84
f1376_43 107 1171 465 3.93
f3706_37 116 874 664 3.57
f2332_97 113 123 539 2.34
f0699_19 96 765 471 1.05
f1344_45 69 396 351 4.99
f3483_16 114 693 911 3.15
f3970_25 117 498 389 3.71
f1340_02 108 101 936 1.6
f1205_25 102 426 380 1.84
f2499_74 97 1177 381 2.61
f3552_12 117 62 1044 2.32
f0583_26 87 1084 184 2.26
f3761_12 105 377 336 4.88
f0618_44 105 555 1118 2.02
f1833_03 114 401 897 1.36
f3119_39 102 1166 80 4.35
f4061_16 109 802 94 3.77
f0729_08 78 556 80 1.25
f3604_21 106 428 206 4.63
f3741_12 98 422 1049 3.45
f3426_23 96 282 428 2.88
f1864_10 105 55 5 3.68
f1314_29 116 1062 1133 4.65
f4049_18 116 1113 190 3.12
f1826_01 101 680 67 4.85
f2228_87 111 821 648 2.36
f0819_13 107 267 462 4.48
f1286_47 110 1183 833 4.98
f0731_05 111 750 297 2.97
f2533_94 103 655 1105 4.96
f1340_02 108 101 936 1.6
f4016_16 110 168 231 2.84
f2245_95 111 802 149 4.01
f4096_14 113 318 554 1.5
f3745_12 107 686 1098 3.36
f0831_15 108 1037 174 3.16
f3650_20 114 741 725 1.42
f1338_02 114 896 591 4.37
f2503_57 110 381 142 4.25
f2321_84 104 244 983 2.06
f0864_41 115 1027 671 2.06
f3889_26 112 782 685 1.46
f2472_83 92 729 606 3.82
f3752_35 116 668 1158 2.59
f0022_10 88 738 494 4.29
f2433_75 105 540 798 3.48
f2225_86 72 415 392 1.7
f1303_05 87 989 735 1.34
f1108_14 106 974 290 3.76
f0814_03 110 1064 218 2.32
f0797_22 92 158 1151 4.87
f3889_26 112 782 685 1.46
f1832_47 107 948 567 3.54
f3646_15 105 161 933 2.75
f2233_79 108 663 376 2.96
f2166_63 116 1131 1165 3.41
f0008_45 105 948 363 4.83
f3868_35 113 615 860 2.86
f0429_13 80 965 170 2.73
f0645_45 75 257 767 3.12
f2284_51 112 1054 497 3.7
f2166_63 116 1131 1165 3.41
f0440_17 86 1069 488 4.29
f0889_48 87 1120 637 3.25
f1807_08 102 737 556 1.8
f1977_23 55 660 98 1.44
f0687_43 103 920 1192 1.02
f3740_01 102 397 712 2.18
f3103_38 116 394 875 2.74
f0463_09 96 1198 538 4.74
f2303_66 117 588 1161 3.78
f3790_48 117 650 250 1.35
f3128_15 114 1106 1123 3.8
f4020_15 114 919 934 1.58
f1744_39 112 844 263 3.33
f0816_18 87 41 699 2.51
f2470_80 116 425 1131 1.13
f3391_40 116 583 493 1.9
f0840_37 108 29 133 3.14
f0359_05 110 895 898 4.54
f3460_47 115 507 544 4.38
f1669_41 105 335 275 3.57
f3982_48 105 886 975 1.21
f1489_03 93 47 349 4.93
f2470_80 116 425 1131 1.13
f1672_35 77 519 992 1.01
f1393_25 109 627 459 4.95
f0227_27 99 1089 727 1.17
f1845_02 105 593 903 3.22
f0691_00 79 508 997 2.7
f0937_01 36 812 626 4.54
f4012_13 110 270 540 4.63
f3393_08 106 804 1166 2.64
f1775_42 112 672 186 1.85
f3414_29 113 712 593 2.96
f2293_68 104 9 380 1.53
f1892_07 102 735 736 2.04
f3367_07 114 108 49 4.48
f1236_11 105 811 576 1.47
f3450_19 116 1050 364 3.45
f0016_39 85 897 727 3.35
f2084_07 104 456 173 3.46
f2537_57 112 1060 989 1.9
f3669_35 114 515 413 4.34
f2512_54 111 499 449 4.63
f2183_59 114 2 1000 3.52
f1922_38 94 226 1198 3.98
f1451_24 83 114 366 1.73
f2119_56 113 123 861 2.79
f0629_39 114 334 1037 3.81
f1777_29 103 1055 617 2.35
f0439_08 111 871 466 3.53
f3969_02 114 227 333 4.74
f1029_30 104 892 807 2.21
f2588_72 102 352 915 3.82
f2361_74 110 437 327 3.96
f0176_30 88 47 777 4.11
f3169_14 116 83 392 4.39
f3615_49 117 46 1157 2.48
f3551_12 92 1090 912 2.74
f1812_15 113 519 999 4.79
f3484_17 109 346 56 1.74
f0285_23 99 202 896 4.03
f3550_07 99 899 880 4.51
f3715_44 91 1067 1111 3.58
f1281_28 107 420 131 1.23
f3772_10 116 1115 171 2.68
f0839_37 101 532 803 1.71
f0924_33 105 628 299 2.74
f3216_33 108 458 4 4.87
f0427_40 99 926 716 4.36
f0305_08 100 760 993 2.96
f3621_14 116 1178 718 4.67
f1547_06 111 536 482 4.03
f2499_74 97 1177 381 2.61
f3565_45 97 337 715 4.68
f2016_39 110 233 42 4.67
f1391_35 116 1123 1054 3.42
f1544_46 112 903 723 2.05
f4023_00 105 167 498 3.16
f0714_32 107 790 222 1.97
f2515_57 111 275 35 1.86
f3872_39 116 523 923 4.23
f1508_14 83 574 71 1.8
f1167_31 96 239 490 2.12
f2131_73 116 1078 1136 1.44
f0675_24 96 266 356 1.96
f3270_11 105 820 744 4.65
f3432_38 108 1145 1004 4.62
f1132_19 108 552 1171 4.61
f1844_38 100 881 821 1.95
f2381_54 96 1179 930 3.63
f1312_23 103 62 1002 2.31
f3326_06 108 947 479 3.89
f3410_19 112 602 396 4.43
f1224_16 108 773 661 2.68
f3930_25 112 390 483 2.91
f1547_06 111 536 482 4.03
f3510_43 114 748 713 4.77
f2414_89 116 666 371 2.44
f0774_40 114 92 449 3.91
f3234_23 113 464 835 4.12
f3994_27 107 1119 374 2.39
f1311_39 113 1187 1179 1.93
f2270_87 98 440 781 2.07
f3204_15 103 494 1182 2.05
f3691_47 96 625 1188 2.77
f1401_36 94 1155 797 2.97
f0962_04 110 403 684 1.55
f0176_30 88 47 777 4.11
f0543_19 87 1020 721 4.11
f1081_19 94 371 5 4.41
f0011_13 103 586 275 2.41
f1251_10 110 131 724 3.55
f1805_13 94 1036 220 2.22
f3974_03 114 752 662 4.9
f3680_36 116 142 698 4.47
f2518_67 111 426 303 3.89
f2277_92 110 12 883 4.99
f1464_23 85 357 399 4.73
f2323_81 112 213 764 3.5
f3624_44 109 1033 920 4.35
f2311_61 111 307 932 3.54
f3490_39 101 664 703 3.5
f2514_50 114 649 204 3.36
f3827_08 108 118 1113 2.21
f0123_28 97 144 462 1.69
f2196_58 100 792 437 1.34
f3438_08 114 1022 1061 1.06
f0347_04 116 587 235 3.83
f3474_05 110 700 319 2.83
f3493_27 119 202 247 3.36
f1477_37 69 352 869 4.88
f1575_36 117 274 886 1.22
f1679_05 108 865 1102 2.44
f3944_02 86 138 199 1.1
f1045_35 54 594 526 1.28
f1417_14 76 86 877 1.01
f1515_36 111 598 897 3.05
f0833_32 109 752 394 2.96
f0533_32 93 988 715 1.66
f0898_29 105 1111 1027 1.65
f0128_00 84 1103 429 1.15
f1815_44 109 990 711 2.6
f3858_25 116 48 151 3.43
f3734_01 113 13 29 3.69
f0855_46 96 1077 994 4.37
f0473_21 108 273 775 3.84
f0581_30 91 553 756 4.37
f2265_80 103 97 492 2.08
f2338_70 96 0 571 3.66
f1358_13 58 907 345 3.07
f2234_78 114 506 945 1.52
f0832_40 81 494 957 1.13
f3332_19 113 688 318 4.46
f0684_13 79 215 9 4.27
f0601_32 59 515 41 1.99
f0395_15 114 513 172 1.3
f1056_11 60 1095 143 1.8
f0077_13 106 707 1141 1.68
f1904_33 96 845 497 2.37
f3100_44 109 462 145 1.76
f0546_38 74 507 177 1.74
f3133_33 116 803 1043 2.56
f1228_30 57 237 857 1.48
f0947_41 107 821 472 4.18
f1600_43 105 517 4 1.59
f0314_27 108 38 1055 2.29
f0659_24 111 537 256 4.82
f0515_18 107 1001 397 3.31
f2455_72 111 341 259 4.47
f1815_44 109 990 711 2.6
f1487_45 105 1157 290 1.65
f3474_05 110 700 319 2.83
f3192_37 113 1010 1069 2.02
f1758_36 108 1056 1082 3.65
f3864_42 113 994 1180 1.36
f0621_33 107 150 545 2.63
f0422_45 107 590 1066 3.81
f3224_05 104 408 338 3.29
f3729_27 115 406 1179 1.13
f1700_36 103 9 337 3.43
f3741_12 98 422 1049 3.45
f0761_10 80 141 848 3.91
f0545_49 86 540 403 2.52
f4082_29 109 734 288 2.45
f2509_53 109 587 166 4.48
f2506_77 99 34 210 2
f0104_43 103 915 348 2.79
f2545_52 107 928 230 3.54
f1773_18 105 1136 38 3.54
f1892_07 102 735 736 2.04
f2187_54 87 804 373 4.68
f2311_61 111 307 932 3.54
f1374_18 113 319 473 2.22
f1214_39 107 1115 720 4.94
f1320_38 101 1193 595 3.83
f2564_59 93 1063 636 2.31
f1963_27 114 507 536 3.96
f1515_36 111 598 897 3.05
f1037_16 49 334 851 4.31
f3570_15 106 896 140 4.25
f2315_59 109 66 561 4.75
f1231_36 102 760 1029 1.31
f2487_92 77 460 182 2.14
f3874_15 113 552 307 2.29
f3624_44 109 1033 920 4.35
f2369_56 113 153 1177 1.11
f3227_14 116 725 416 4.8
f2265_80 103 97 492 2.08
f2153_90 78 864 639 1.87
f3299_12 114 186 437 1.38
f0473_21 108 273 775 3.84
f4012_13 110 270 540 4.63
f4010_12 106 348 1193 2.31
f1323_11 106 557 741 3.85
f3878_43 105 458 408 1.72
f3373_36 114 198 519 3.65
f0641_22 99 852 13 3.26
f4009_27 114 647 702 3.82
f2480_61 93 232 848 3.73
f3825_12 104 754 135 1.5
f3466_22 114 79 1066 2.43
f2035_49 108 154 458 3.32
f1978_04 102 1076 836 1.33
f3541_02 111 287 258 3.62
f4035_29 110 855 165 1.55
f3402_08 115 636 74 1.14
f3979_36 111 1135 353 1.54
f0442_00 109 38 865 1.12
f3541_02 111 287 258 3.62
f3175_03 96 885 339 1.41
f0891_44 98 121 1037 1.62
f0170_40 97 686 306 1.88
f3363_42 89 484 568 1.32
f3926_17 115 153 665 4.92
f0746_28 82 883 697 3.07
f2553_92 87 1058 733 2.02
f1812_15 113 519 999 4.79
f1401_36 94 1155 797 2.97
f2248_68 87 760 981 2.33
f3929_28 80 397 144 4.44
f3427_21 117 525 294 4.55
f3551_12 92 1090 912 2.74
f1180_21 102 605 748 1.25
f1399_06 90 86 565 2.51
f1708_22 92 25 388 3.43
f0705_35 95 1120 326 1.72
f3408_47 107 479 1085 4.12
f0842_22 96 121 604 3.3
f1154_00 65 302 109 2.2
f3753_43 113 271 1193 1.65
f1512_39 86 10 983 1.33
f3322_40 116 431 149 2.84
f3428_02 113 9 424 4.44
f0994_46 85 984 598 1.02
f0446_03 113 470 468 2.07
f3270_11 105 820 744 4.65
f2232_76 80 857 355 2.38
f1044_04 101 813 22 3.36
f3442_00 108 891 1071 1.81
f3501_06 114 916 475 4.51
f2310_51 98 321 650 3.95
f2071_28 114 868 991 2.25
f1865_30 89 203 710 3.7
f3154_48 106 1024 613 1.72
f1940_28 101 892 323 2.28
f1412_36 112 369 183 4.62
f0651_45 91 494 905 1.64
f1160_23 71 710 205 1.84
f2000_40 112 110 243 1.81
f0066_37 113 632 846 4.53
f0957_15 116 883 1047 3.46
f0649_22 84 168 775 1.48
f3761_12 105 377 336 4.88
f3305_28 116 981 773 4.51
f2412_86 110 639 28 1.72
f3779_49 115 1125 148 4.95
f3567_49 110 83 706 4.07
f3596_19 105 315 354 1.75
f0277_33 88 1081 328 3.46
f1590_15 107 329 319 2.79
f1650_05 95 500 752 2.84
f0718_13 101 449 0 2.86
f0806_09 108 1044 1032 3.2
f1675_40 62 155 968 1.49
f1808_13 85 1062 945 3.48
f1794_07 85 726 291 3.19
f2276_91 105 1074 1091 1.9
f0616_04 106 676 1198 4.2
f1211_04 109 531 859 1.59
f0615_00 113 4 6 1.07
f0734_39 105 191 262 4.84
f1528_18 114 977 338 3.74
f1715_20 114 326 465 1.85
f1647_28 113 315 1074 3.43
f3536_49 107 1042 761 1.28
f1287_40 91 75 10 1.11
f1602_35 108 729 976 1.11
f3752_35 116 668 1158 2.59
f1466_48 93 25 154 3.34
f3809_17 113 1086 1058 1.98
f1739_23 114 184 797 2.48
f0052_42 16 657 388 3.67
f2309_54 81 424 252 2.52
f0744_23 98 1163 38 3.59
f0116_23 92 524 409 1.43
f1023_49 64 930 724 3.07
f1787_36 96 66 10 3.15
f0726_09 112 732 865 4.42
f1882_40 87 1165 179 3.81
f3744_12 113 507 1135 2.96
f3383_24 117 953 1132 2.72
f2323_81 112 213 764 3.5
f2265_80 103 97 492 2.08
f3420_27 115 792 1046 3.05
f0847_06 89 581 1194 2
f3556_19 91 818 1045 2.87
f2438_76 105 1109 627 3.75
f3111_05 116 316 730 4.67
f3392_06 116 587 1132 1.52
f1470_34 113 765 294 4.66
f4004_35 115 369 288 2.37
f1679_05 108 865 1102 2.44
f1335_30 91 224 575 1.33
f0281_47 113 614 1026 3.81
f2505_79 96 1022 693 3.26
f3944_02 86 138 199 1.1
f2588_72 102 352 915 3.82
f1999_37 108 801 112 2.02
f0743_31 114 7 333 2.23
f2129_55 113 330 610 1.49
f0762_20 106 221 628 2.42
f3618_26 113 356 1129 4.79
f0885_39 79 1097 721 3.48
f2008_26 100 20 977 2.86
f1211_04 109 531 859 1.59
f3402_08 115 636 74 1.14
f3128_15 114 1106 1123 3.8
f2401_78 112 738 612 2.75
f3104_25 104 813 1080 1.19
f2316_50 98 909 1008 1.83
f1715_20 114 326 465 1.85
f0766_01 107 566 28 1.27
f4033_05 105 18 102 1.9
f0907_00 74 850 762 2.14
f3439_44 115 284 968 4.44
f2286_50 99 1006 109 3.24
f1951_19 112 674 1138 3.69
f1482_39 109 1185 60 3.52
f2312_87 103 485 1129 1.46
f0504_29 107 953 33 3.06
f3467_12 109 268 751 1.63
f2298_74 112 840 361 4.4
f0996_01 103 399 1128 4.83
f2036_29 114 389 897 2.9
f0949_02 85 896 1048 2.46
f0554_17 102 116 625 2.89
f0793_02 69 180 1071 4.2
f3269_06 85 959 491 1.63
f1620_12 88 572 372 2.53
f3594_23 108 480 807 2.5
f0419_29 97 988 792 2.71
f2290_64 114 655 429 1.93
f3424_24 101 1141 2 1.94
f1739_23 114 184 797 2.48
f0925_21 114 1181 969 3.39
f1602_35 108 729 976 1.11
f1765_33 107 535 205 3.16
f3664_18 98 461 838 2.25
f3307_33 104 862 539 4.82
f1847_26 100 369 4 1.61
f1957_41 102 708 920 2.42
f3669_35 114 515 413 4.34
f0992_04 87 1128 357 1.11
f0280_20 100 1010 1127 1.24
f3292_31 108 970 1172 4.87
f1556_19 29 17 287 4.58
f0123_28 97 144 462 1.69
f0948_01 98 1000 1075 4.2
f1707_05 91 59 104 4.94
f2133_68 96 350 212 4.21
f2406_72 121 814 649 2.9
f0836_28 110 545 691 3.55
f1027_05 110 719 139 1.83
f1731_34 54 855 926 3.43
f3702_47 109 1187 1005 4.51
f0589_20 94 384 364 2.14
f0576_01 75 863 1102 1.35
f3192_37 113 1010 1069 2.02
f0549_39 97 36 295 4.7
f0433_14 90 469 994 3.52
f2463_79 103 1183 301 4.57
f1921_33 112 506 1168 4.58
f0953_15 112 995 135 3.62
f0879_35 111 530 72 2.33
f0506_18 98 592 648 3.53
f2258_85 117 169 761 2.08
f1996_12 110 540 576 3.22
f3847_24 114 262 999 3.11
f3928_39 109 548 1022 4.35
f3393_08 106 804 1166 2.64
f0566_02 107 902 1162 4.89
f2266_81 102 177 822 2.64
f0986_02 109 1015 570 1.14
f0957_15 116 883 1047 3.46
f3821_06 111 238 1012 4.45
f2114_50 110 222 1101 4.78
f1777_29 103 1055 617 2.35
f0845_22 114 1076 656 4.16
f0853_05 107 667 681 3.82
f3972_19 109 1015 1151 2.77
f3252_32 115 436 644 2.93
f3546_36 114 1138 694 3.36
f0492_08 92 369 1197 3.87
f4051_49 96 863 8 2.1
f2239_84 104 985 668 2.54
f0835_08 93 1011 1125 3.83
f0600_06 32 950 1059 2.26
f2125_64 111 960 878 1.56
f1700_36 103 9 337 3.43
f0759_41 112 885 944 1.16
f2489_89 88 945 134 4.18
f3375_30 116 62 117 1.46
f1596_10 88 477 368 1.62
f3348_00 107 106 505 3.58
f3232_11 108 955 404 3.1
f2256_71 103 853 178 3.72
f0507_19 93 1189 1006 2.82
f3803_39 104 261 946 3.41
f0539_34 110 523 112 1.71
f0995_43 97 553 136 2.88
f3322_40 116 431 149 2.84
f1648_00 98 256 1147 2.07
f0820_47 90 35 904 2.38
f0420_19 113 930 921 2.36
f3932_35 106 871 574 4.6
f3533_31 114 18 452 4.58
f1189_06 85 256 621 2.47
f1660_07 95 923 386 2.01
f2487_92 77 460 182 2.14
f2048_19 94 117 788 2.17
f1067_20 83 278 230 4.87
f1111_02 114 266 211 3.52
f3442_00 108 891 1071 1.81
f2230_67 94 200 397 1.42
f3924_24 112 1153 298 3.62
f2468_78 110 979 36 1.92
f3166_12 109 278 949 4.65
f3952_40 110 989 156 4.75
f1359_45 86 877 1045 1.19
f1951_19 112 674 1138 3.69
f3111_05 116 316 730 4.67
f0207_46 110 7 6 2.28
f2011_41 114 1088 21 3.39
f2367_63 93 284 1055 3
f0797_22 92 158 1151 4.87
f0604_11 112 429 1052 3.22
f1537_32 91 481 1153 2.37
f4080_22 115 154 965 2.35
f3368_37 108 870 747 2.47
f3223_18 97 114 634 3.92
f1080_00 89 271 414 2.08
f3175_03 96 885 339 1.41
f2397_92 109 336 209 1.48
f3786_04 107 1074 260 3
f2394_84 113 27 185 4.66
f0139_23 64 167 612 3.55
f1694_17 101 1106 436 4.47
f2205_74 97 211 398 1.58
f2394_84 113 27 185 4.66
f0953_15 112 995 135 3.62
f2327_90 101 40 920 3.94
f2130_74 114 678 545 4.33
f1166_04 98 1089 440 1.98
f1491_42 102 749 1034 1.7
f3317_25 102 157 624 4.57
f3497_42 108 745 127 4.99
f1333_48 105 647 564 4.47
f3843_30 114 212 1124 1.63
f1292_22 69 1197 234 1.09
f3950_44 110 502 316 2.83
f1039_40 107 191 352 1.25
f1195_27 93 1179 624 1.03
f3370_37 114 222 221 4.16
f1199_24 109 724 833 2.4
f1127_01 114 882 397 1.36
f3764_37 115 590 1052 1.8
f1959_39 87 213 463 3.56
f0642_27 75 460 320 4.73
f1781_48 96 1139 236 4.01
f3817_22 106 931 316 1.36
f3917_03 115 343 88 3.2
f0150_25 85 1145 932 2.62
f2103_60 111 478 573 3.46
f1108_14 106 974 290 3.76
f1435_38 99 141 154 3.79
f2095_37 52 6 1033 2.47
f2018_05 98 877 380 3.36
f2175_59 94 516 1184 4.46
f0779_27 92 866 822 1.55
f1059_15 83 362 750 3.6
f0990_06 71 1108 185 2.03
f0302_47 98 1109 296 1.38
f3605_17 116 1087 864 1.43
f3906_44 116 107 590 4.29
f1207_46 88 117 1092 4.57
f3324_05 114 657 716 4.91
f0755_46 86 811 187 2.9
f3719_06 112 624 520 2.8
f1034_02 87 1147 90 3.3
f2352_97 104 570 564 3.32
f1211_04 109 531 859 1.59
f3795_00 104 101 247 4.83
f0145_33 89 801 1116 1.73
f0591_27 109 299 546 2.84
f0683_02 105 113 352 2.32
f3562_47 103 219 254 2.82
f2520_64 114 691 687 2.75
f0940_45 100 954 443 4.13
f1078_11 106 719 892 1.28
f0478_10 85 157 481 2.8
f1319_00 83 388 308 4.9
f1355_03 108 348 1089 2.36
f2247_97 91 216 650 4.52
f1371_21 69 1151 440 1.3
f3724_32 107 216 373 2.51
f1883_03 103 611 449 2.04
f0651_45 91 494 905 1.64
f2136_68 80 1128 63 4.82
f3598_35 116 224 185 2.29
f3855_47 100 1114 988 2.43
f3674_32 114 1060 1061 1.98
f2115_77 105 990 563 1.27
f3372_23 111 272 981 2.99
f0781_31 108 543 648 2.5
f3499_36 109 722 11 2.13
f1076_12 66 1008 951 1.3
f3820_39 60 202 650 1.31
f3605_17 116 1087 864 1.43
f1012_30 107 1039 995 4.75
f3181_10 97 285 737 2.24
f2225_86 72 415 392 1.7
f4042_33 106 1123 35 4.42
f0975_48 105 479 656 4.25
f0113_31 91 531 852 2.29
f1133_00 106 417 660 4.39
f0363_43 51 124 965 3.08
f1220_42 88 852 1092 4.26
f1242_30 105 65 829 1.18
f0632_45 78 312 1167 1.72
f3792_21 100 506 861 2.89
f1716_48 64 721 245 3.73
f2537_57 112 1060 989 1.9
f3825_12 104 754 135 1.5
f0586_11 114 1165 288 3.52
f4007_21 117 639 283 3.94
f3811_12 114 878 258 3.49
f2176_64 96 297 932 2.43
f1077_48 85 492 792 4.2
f1863_44 105 12 1136 4.59
f0771_13 82 816 8 2.8
f1800_08 104 387 316 2.03
f3538_29 89 712 1186 1.59
f1164_21 102 88 554 3.29
f0922_02 113 246 1191 4.67
f3404_40 116 803 1175 2.63
f0645_45 75 257 767 3.12
f3237_27 96 918 199 4.68
f1866_14 76 719 1038 4.93
f3758_19 113 1094 1027 1.61
f0394_00 96 996 501 3.92
f3738_16 108 649 622 2.93
f2576_66 114 191 553 3.66
f3951_47 81 392 773 1.39
f0456_45 105 27 15 1.62
f0052_42 16 657 388 3.67
f3327_11 117 109 306 2.95
f3608_13 116 1083 459 1.74
f1335_30 91 224 575 1.33
f1774_40 113 789 149 2.95
f3300_25 114 317 1035 1.24
f1247_15 113 99 188 1.75
f3632_10 113 291 684 4.5
f3281_27 112 879 1061 2.13
f3818_27 113 374 582 1.42
f2258_85 117 169 761 2.08
f2353_70 114 372 1136 3.52
f3797_07 70 10 802 1.23
f0474_10 80 660 1121 4.56
f0345_23 110 108 131 1.05
f0560_16 90 562 5 3.76
f1775_42 112 672 186 1.85
f3944_02 86 138 199 1.1
f3747_12 63 563 253 2.68
f3465_24 114 447 99 4.29
f2383_60 112 574 826 1.87
f1911_44 90 421 811 2.25
f2003_18 106 572 714 3.1
f1599_48 92 460 620 3.3
f3453_15 114 679 1102 2.25
f0272_13 94 328 450 3.43
f2445_82 105 970 244 3.83
f3549_47 114 82 437 3.23
f1347_06 88 1185 638 4.55
f1791_04 106 1151 1059 3.27
f2493_99 108 246 100 4.64
f3772_10 116 1115 171 2.68
f3758_19 113 1094 1027 1.61
f3559_23 110 587 323 4.09
f2288_58 100 1116 222 2.22
f1384_42 63 711 853 1.21
f0999_29 101 694 1151 4.35
f0614_14 91 30 421 4.83
f3546_36 114 1138 694 3.36
f1689_07 108 900 765 1.59
f4081_24 116 322 1140 4.34
f2315_59 109 66 561 4.75
f2286_50 99 1006 109 3.24
f3271_09 110 606 485 1.41
f0164_32 109 996 551 1.04
f2220_72 104 179 416 1.03
f0588_19 113 314 379 4.19
f0227_27 99 1089 727 1.17
f0724_37 90 1084 83 2.94
f0230_04 70 1094 798 3.07
f3361_17 114 1108 801 2.99
f3245_09 106 689 291 4.75
f3956_26 105 564 1053 1.21
f1883_03 103 611 449 2.04
f1026_41 75 122 814 2.13
f3715_44 91 1067 1111 3.58
f3210_22 117 953 3 4.38
f3396_07 113 193 1019 3.37
f0383_43 113 1154 813 1.87
f3908_41 116 632 705 3.81
f1018_07 74 1116 715 4.19
f3918_03 132 1190 718 3.22
f0159_14 103 1168 1124 2.63
f3803_39 104 261 946 3.41
f1169_08 114 12 576 2.46
f3685_08 116 863 214 1.11
f1924_29 97 681 705 4.59
f3725_39 107 1154 393 3.76
f0454_20 100 133 433 4.17
f0988_45 114 428 918 3.82
f3214_03 114 708 6 2.45
f1679_05 108 865 1102 2.44
f0754_01 74 911 919 3.47
f3695_42 115 510 895 1.69
f2119_56 113 123 861 2.79
f1098_11 105 252 497 4.78
f2426_87 95 81 118 1.59
f1291_26 69 948 1111 3.66
f0960_13 85 777 241 2.55
f4022_12 80 851 310 3.65
f2000_40 112 110 243 1.81
f3309_37 111 358 937 1.55
f0512_15 114 882 1169 1.25
f1897_40 110 578 1001 4.66
f2255_70 116 284 675 2.66
f1776_35 99 300 1042 2.15
f0384_36 94 806 876 1.24
f3890_40 116 1085 1093 4.11
f0888_25 96 1160 796 4.94
f3478_49 114 706 418 3.7
f0728_14 106 76 19 4.96
f0875_02 96 446 292 2.88
f3505_39 115 1001 742 2.98
f3313_11 107 989 553 2.68
f2054_13 96 927 343 4.17
f1546_05 110 749 760 2.38
f0267_24 105 466 1128 3.83
f2475_66 107 490 397 2.27
f0203_21 111 230 650 1.57
f0455_26 70 615 564 2.86
f3882_22 104 571 159 2.61
f1823_43 96 406 833 4.33
f1932_09 87 124 272 2.56
f0030_12 101 653 637 1.86
f1903_48 95 69 745 2
f1677_01 94 865 1106 3.56
f1722_43 115 812 803 3.3
f1171_06 87 1188 206 4.96
f3473_21 113 6 274 2.56
f3334_16 97 219 318 1.51
f3757_19 115 468 382 2.91
f3428_02 113 9 424 4.44
f0225_20 72 927 1021 1.54
f0062_25 108 874 241 4.5
f2470_80 116 425 1131 1.13
f1746_28 98 1081 143 3.68
f1278_22 111 93 895 2.62
f0773_10 87 1132 631 2.62
f3189_40 104 606 853 4.85
f2029_03 90 1041 750 4.88
f1333_48 105 647 564 4.47
f2133_68 96 350 212 4.21
f3313_11 107 989 553 2.68
f2361_74 110 437 327 3.96
f3951_47 81 392 773 1.39
f2004_29 96 932 608 3.3
f0957_15 116 883 1047 3.46
f1686_01 61 358 1166 1.86
f0364_10 107 1056 369 2.71
f3812_06 103 995 316 4.27
f3172_42 94 784 137 1.97
f3338_15 102 484 410 1.87
f3634_16 111 901 431 2.78
f2361_74 110 437 327 3.96
f1478_41 109 712 297 4.03
f3430_38 117 82 1188 1.4
f3453_15 114 679 1102 2.25
f1816_24 70 419 296 2.35
f1551_34 112 969 1113 2.39
f0575_25 89 892 760 1.92
f2435_57 99 1158 703 3.48
f0457_13 85 1094 149 3.13
f3130_44 111 190 350 3.93
f1700_36 103 9 337 3.43
f1829_17 80 113 1190 1.03
f1826_01 101 680 67 4.85
f1522_45 110 1085 334 4.84
f1242_30 105 65 829 1.18
f0110_48 104 606 49 3.85
f2548_84 112 429 442 3.84
f3921_41 111 112 46 3.8
f3480_48 116 640 598 3.28
f3571_20 102 894 184 2.96
f1981_44 83 250 1184 3.88
f1577_15 101 1157 447 3.2
f0711_11 99 979 407 1.29
f3623_42 94 955 762 2.77
f3428_02 113 9 424 4.44
f1212_39 114 778 1089 1.65
f0840_37 108 29 133 3.14
f1000_45 109 487 645 1.13
f2327_90 101 40 920 3.94
f3243_44 117 329 327 3.36
f3662_24 116 308 694 2.07
f2171_70 91 1041 377 2.19
f0474_10 80 660 1121 4.56
f2509_53 109 587 166 4.48
f0944_27 99 312 29 2.17
f2059_42 110 924 645 3.08
f1701_10 97 457 1069 1.8
f1754_35 104 376 499 2.6
f1762_28 112 867 767 1.56
f3612_13 114 1012 610 4.04
f1954_31 114 410 17 1.27
f3758_19 113 1094 1027 1.61
f2106_66 116 832 52 4.79
f3594_23 108 480 807 2.5
f1485_22 100 637 189 3.63
f1175_48 98 149 468 1.1
f1310_44 107 319 916 1.3
f0883_14 102 714 652 4.19
f2058_01 96 869 232 3.95
f2429_95 113 874 1013 1.18
f1606_19 95 386 384 3.7
f2138_72 105 880 1152 2.5
f3970_25 117 498 389 3.71
f1666_45 87 829 83 3.62
f0746_28 82 883 697 3.07
f2493_99 108 246 100 4.64
f4097_41 85 907 57 3.93
f0305_08 100 760 993 2.96
f3724_32 107 216 373 2.51
f0370_20 87 169 752 4.48
f0188_36 108 1101 590 2.56
f1384_42 63 711 853 1.21
f4037_48 112 674 1079 1.74
f1928_20 79 221 931 1.03
f1178_03 110 894 1200 1.09
f3288_23 116 32 42 1.22
f1793_33 83 838 376 3.23
f2501_53 114 973 323 3.36
f3194_31 116 6 999 4.83
f0887_39 96 968 439 4.71
f1611_08 99 566 958 2.17
f2311_61 111 307 932 3.54
f1531_34 92 1024 333 1.55
f2594_90 115 823 792 4.8
f4044_44 103 1135 362 2.94
f2554_55 103 1200 943 2.04
f2130_74 114 678 545 4.33
f1596_10 88 477 368 1.62
f3116_03 100 492 821 2.65
f2142_69 115 545 229 4.13
f3437_17 116 735 888 1.04
f2414_89 116 666 371 2.44
f1428_25 111 162 932 2.79
f0998_45 96 438 1119 3.87
f1452_02 94 924 647 1.82
f1903_48 95 69 745 2
f1212_39 114 778 1089 1.65
f2366_64 94 569 41 4.35
f0158_20 110 657 643 1.56
f3352_39 113 499 95 2.12
f3324_05 114 657 716 4.91
f3299_12 114 186 437 1.38
f0792_07 111 371 570 4.03
f3894_37 109 459 235 4.91
f1699_42 108 886 161 3.44
f3283_17 116 892 1082 2.96
f3479_08 114 1043 1152 1.03
f1139_48 106 447 817 2.75
f1774_40 113 789 149 2.95
f3211_20 109 212 9 4.06
f3599_19 100 854 794 4.3
f2313_55 111 609 1171 1.47
f3825_12 104 754 135 1.5
f3716_43 115 105 1110 3.14
f2356_86 107 946 151 3.81
f3525_29 104 273 766 1.83
f2428_96 111 338 952 2.64
f2589_78 82 769 1200 2.03
f3492_35 112 770 751 2.72
f1701_10 97 457 1069 1.8
f3575_04 104 983 638 2.6
f0113_31 91 531 852 2.29
f0932_44 88 721 356 3.8
f3829_26 103 977 608 4.39
f1184_21 69 374 1005 3.68
f2030_28 105 76 899 1.23
f0620_49 102 766 232 4.12
f1266_29 111 336 1192 3.73
f0963_21 88 1039 237 2.79
f2483_64 108 1184 164 1.95
f1348_27 64 320 18 3.15
f3693_03 102 52 809 4.09
f1713_02 81 1113 922 4.97
f2066_29 110 552 1040 4.87
f0502_09 109 958 603 3.94
f0343_35 115 619 1062 2.69
f1177_42 101 864 1135 2.14
f3443_42 109 622 926 4.89
f3887_39 114 499 970 2.32
f3127_16 114 1186 134 4.48
f3438_08 114 1022 1061 1.06
f1031_37 105 426 50 1.55
f3845_39 109 778 847 3.85
f3785_26 97 417 156 2.26
f2460_52 105 1028 636 2.54
f2037_06 92 856 428 1.42
f0972_43 78 644 543 3.19
f1983_00 87 1122 50 1.92
f2527_72 114 1155 101 3.53
f0214_05 101 1027 752 3.3
f0786_07 70 721 463 4.64
f1224_16 108 773 661 2.68
f3986_31 114 159 851 1.42
f1469_25 82 115 64 4.84
f1759_19 77 997 79 3.79
f2497_54 115 734 1036 3.13
f1720_48 113 1025 300 3.84
f0809_16 106 153 1122 1.76
f0782_49 99 132 774 3.47
f1848_43 104 269 479 3.46
f0933_38 107 1070 98 3.13
f3581_23 115 1036 34 1.25
f1946_25 94 1173 749 1.67
f1213_10 86 1160 677 2.16
f3712_14 116 718 862 1.83
f3700_25 114 96 340 4.89
f3411_09 114 540 692 2.42
f1322_16 58 695 358 2.04
f2219_62 100 890 676 3.23
f1176_40 104 964 654 4.49
f2579_76 113 328 1135 1.52
f0518_02 96 1124 340 3.67
f1398_48 96 454 183 2.15
f0388_26 92 734 699 3.8
f3858_25 116 48 151 3.43
f1558_21 96 297 1098 4.37
f1911_44 90 421 811 2.25
f2013_19 95 31 222 4.97
f3755_33 107 631 917 1.32
f1395_14 88 504 42 4.29
f3941_08 102 937 1173 2.69
f3207_05 112 128 200 2.32
f1522_45 110 1085 334 4.84
f2325_86 107 562 1184 3.84
f1058_32 113 573 660 2.36
f2052_11 114 1171 101 3.12
f1174_47 110 85 1120 4.65
f1776_35 99 300 1042 2.15
f0583_26 87 1084 184 2.26
f1959_39 87 213 463 3.56
f1420_00 83 521 128 1.36
f1689_07 108 900 765 1.59
f3557_12 107 1022 778 1.32
f1427_16 108 240 863 3.41
f4076_42 113 894 281 3.46
f2210_96 112 1174 506 2.81
f3980_34 103 335 1142 4.73
f1540_20 111 63 89 1.93
f0936_34 92 372 334 1.26
f1536_05 116 502 765 1.38
f3416_28 117 102 531 1.51
f3269_06 85 959 491 1.63
f3280_34 114 814 87 3.52
f0497_00 90 363 1033 4.06
f0722_29 107 16 653 4.84
f3745_12 107 686 1098 3.36
f1663_13 93 159 153 4.15
f0759_41 112 885 944 1.16
f1471_42 96 104 854 1.53
f3893_01 104 773 407 1.11
f2502_59 104 219 127 1.16
f1530_18 108 1073 354 4.31
f0645_45 75 257 767 3.12
f0655_10 90 677 173 1.99
f4030_29 94 302 1109 2.92
f1543_08 106 191 460 2.93
f1152_03 86 718 942 4.12
f3112_45 100 727 1072 1.98
f4078_05 111 1150 1188 4.1
f3739_34 105 218 503 1.91
f1694_17 101 1106 436 4.47
f2139_75 82 516 647 2.27
f0524_04 103 894 142 4.1
f2591_70 116 1120 1169 4.55
f1688_24 106 414 40 1.88
f0902_17 83 615 837 2.44
f1036_49 95 562 589 2.45
f1312_23 103 62 1002 2.31
f1285_45 96 822 919 2.2
f2100_97 114 217 662 1.56
f1574_26 114 662 418 1.22
f3523_31 107 819 988 1.17
f2048_19 94 117 788 2.17
f1209_31 22 668 789 4.54
f3426_23 96 282 428 2.88
f1103_38 87 935 1129 4.51
f1731_34 54 855 926 3.43
f3312_28 100 231 41 1.44
f4057_40 113 196 909 2.7
f1664_04 106 654 265 2.09
f1292_22 69 1197 234 1.09
f0767_25 87 423 34 3.83
f3833_03 81 10 402 1.37
f3888_32 95 881 510 3.72
f1834_16 105 357 866 3.68
f3818_27 113 374 582 1.42
f3680_36 116 142 698 4.47
f2541_99 114 1038 953 1.72
f1587_05 96 784 282 2
f2229_88 97 508 144 2.68
f3441_24 116 883 1118 3.3
f3203_10 113 1181 1062 1.54
f0351_22 99 1163 26 3.61
f3527_33 117 1173 471 2.93
f1103_38 87 935 1129 4.51
f2075_09 101 925 331 3.26
f2254_72 90 441 1031 4.27
f0878_21 96 674 815 4.88
f1708_22 92 25 388 3.43
f1019_45 96 460 422 3.97
f0462_07 70 276 1139 3.81
f1584_28 114 1019 228 1.82
f1319_00 83 388 308 4.9
f2486_95 90 798 859 4.65
f0477_46 86 742 872 4.69
f0773_10 87 1132 631 2.62
f0883_14 102 714 652 4.19
f3392_06 116 587 1132 1.52
f1406_38 97 594 50 3.89
f2576_66 114 191 553 3.66
f0896_44 106 1119 91 3.24
f3628_27 110 738 92 4.73
f1981_44 83 250 1184 3.88
f3910_30 105 193 1076 2.85
f1851_06 87 761 594 1.34
f1925_00 101 871 201 2.31
f3914_30 116 737 65 2.34
f0030_12 101 653 637 1.86
f3241_49 114 1087 397 4.35
f2005_01 96 1057 323 4.14
f3597_18 114 350 647 1.65
f1044_04 101 813 22 3.36
f0652_30 102 78 328 3.11
f0303_00 108 670 43 1.1
f3232_11 108 955 404 3.1
f3339_15 95 203 502 4.08
f3282_28 105 602 43 1.53
f3584_47 109 906 338 1.32
f1200_36 87 329 845 3.4
f0112_07 114 84 781 3.27
f3525_29 104 273 766 1.83
f0779_27 92 866 822 1.55
f3498_04 113 510 691 3.89
f0959_27 105 785 812 1.03
f2337_71 107 441 844 4.92
f0646_22 107 238 631 3.08
f1822_45 103 616 704 4.71
f1907_22 107 44 310 2.99
f3438_08 114 1022 1061 1.06
f2593_72 105 335 258 2.84
f1148_23 89 1116 1194 3.03
f3614_06 114 332 1112 2.63
f3807_11 116 1121 36 2.74
f1443_09 103 426 312 3.72
f1888_11 78 301 467 2.54
f3699_41 104 636 506 4.66
f1157_43 97 760 118 4.64
f0446_03 113 470 468 2.07
f1222_04 96 908 768 4.13
f2263_79 114 712 95 4.34
f1433_36 97 636 647 3.12
f0963_21 88 1039 237 2.79
f1894_39 97 1122 1193 2.09
f3913_01 106 969 110 2.21
f1646_33 62 1150 451 2.68
f3665_22 110 596 889 3.87
f3937_40 107 49 826 4.5
f0520_25 87 364 144 2.35
f3338_15 102 484 410 1.87
f3795_00 104 101 247 4.83
f1200_36 87 329 845 3.4
f3525_29 104 273 766 1.83
f4059_48 109 1032 485 1.77
f3964_40 102 43 502 1.42
f1031_37 105 426 50 1.55
f1631_40 109 176 365 1.96
f3929_28 80 397 144 4.44
f3543_29 116 1197 796 2.29
f2364_65 95 208 743 1.29
f2566_51 114 411 699 2.46
f0194_30 89 657 225 3.82
f3309_37 111 358 937 1.55
f2170_68 94 917 231 4.85
f3670_40 108 437 477 2.4
f3843_30 114 212 1124 1.63
f1463_23 97 676 1018 4.96
f3659_25 105 1074 935 3.77
f0789_10 103 1108 11 2.75
f2047_48 87 852 47 3.4
f0620_49 102 766 232 4.12
f0236_17 104 293 131 2.77
f3220_48 113 24 1172 3.18
f3345_12 113 617 815 2.05
f2253_73 110 783 757 4.32
f0850_30 112 1011 933 1.5
f0211_26 108 648 280 1.96
f1090_13 56 82 727 1.28
f0551_15 91 75 1061 1.66
f1743_33 75 342 44 1.83
f3539_44 114 783 1102 3.77
f1612_47 104 1111 228 2.86
f3924_24 112 1153 298 3.62
f3293_30 105 673 552 3.39
f0282_04 65 829 313 1.57
f0112_07 114 84 781 3.27
f2062_39 89 495 303 1.85
f4078_05 111 1150 1188 4.1
f0851_41 88 176 244 3.8
f0523_42 102 348 699 2.34
f1325_20 111 132 1093 2.98
f3124_21 114 1102 663 4.71
f0818_03 96 568 1015 2.32
f2082_26 109 847 818 2.65
f3693_03 102 52 809 4.09
f1599_48 92 460 620 3.3
f1306_03 69 538 30 4.51
f2049_38 100 141 1061 1.6
f2260_57 96 197 837 3.07
f0513_18 95 551 100 4.85
f1570_40 96 306 787 2.52
f0610_38 94 1026 1012 4.25
f1405_35 94 463 440 4.11
f1672_35 77 519 992 1.01
f3906_44 116 107 590 4.29
f2370_67 112 1168 784 4.12
f1711_35 87 369 250 2.94
f2444_84 105 1111 115 4.25
f1708_22 92 25 388 3.43
f0596_26 111 331 642 2.99
f2557_98 112 883 1037 1.89
f1961_34 84 267 277 1.57
f1527_46 116 286 627 1.93
f2132_69 105 1049 725 2.78
f2543_98 111 295 661 1.39
f2341_65 115 1077 1187 1.68
f3819_19 97 873 530 2.78
f1902_10 88 736 1073 1.49
f2015_08 95 120 1176 1.22
f1013_47 110 6 776 4.71
f1485_22 100 637 189 3.63
f0648_23 95 303 1161 3.91
f1139_48 106 447 817 2.75
f0972_43 78 644 543 3.19
f1222_04 96 908 768 4.13
f3529_11 113 525 700 1.45
f2500_50 96 117 891 3.99
f0391_32 108 1089 265 1.38
f1472_37 105 491 131 2.6
f3151_13 106 576 53 1.44
f1986_20 106 48 308 1.75
f1132_19 108 552 1171 4.61
f0349_40 90 758 508 3.31
f0819_13 107 267 462 4.48
f3457_40 99 342 1072 4.04
f2302_58 99 867 518 2.13
f2590_60 104 647 970 3.41
f1734_48 96 803 995 4.76
f3253_11 116 274 656 1.19
f1982_16 78 169 464 2.07
f3247_40 114 928 850 3.63
f2161_58 105 47 405 2.35
f0226_08 113 1037 1079 1.51
f2035_49 108 154 458 3.32
f0753_05 87 668 880 3.38
f3528_35 111 193 883 2.24
f3813_08 104 45 954 2.86
f3513_47 117 508 831 2.5
f2290_64 114 655 429 1.93
f3569_18 112 234 87 3.04
f3838_46 116 639 31 3.18
f3574_30 113 264 709 3.74
f0530_15 112 156 775 3.42
f3173_48 107 961 977 4.13
f1773_18 105 1136 38 3.54
f4004_35 115 369 288 2.37
f1760_27 105 1168 964 4.18
f1075_00 112 445 717 4.75
f3743_12 109 1068 530 4.2
f0481_47 87 718 208 4.69
f2409_51 112 973 209 2.18
f2320_75 109 1091 919 4.46
f1625_05 107 401 789 4.11
f2010_38 115 272 459 4.66
f1933_13 105 156 185 4.72
f0298_13 89 663 1084 3.83
f1149_46 60 355 242 2.59
f1594_09 84 461 606 3.58
f3814_43 115 980 819 3.29
f3755_33 107 631 917 1.32
f3470_24 110 786 19 3.7
f3812_06 103 995 316 4.27
f3217_28 114 193 301 4.75
f4080_22 115 154 965 2.35
f0397_27 112 512 243 4.41
f0659_24 111 537 256 4.82
f0603_11 89 347 852 3.66
f0756_22 93 127 376 2.09
f1313_04 113 913 838 4.59
f3219_49 115 623 17 4.24
f2038_08 101 189 1139 1.24
f3844_11 107 548 501 1.95
f0597_00 105 87 1101 2.8
f2075_09 101 925 331 3.26
f3270_11 105 820 744 4.65
f1926_49 97 127 957 3.5
f2295_67 87 799 285 2.22
f1973_24 94 1090 377 3.89
f1991_47 100 1128 548 3.2
f2293_68 104 9 380 1.53
f1764_25 93 462 850 1.65
f1436_39 103 119 534 1.2
f3694_44 101 829 924 2.28
f3921_41 111 112 46 3.8
f0561_12 105 1053 178 2.91
f0110_48 104 606 49 3.85
f4004_35 115 369 288 2.37
f2543_98 111 295 661 1.39
f0716_15 86 1161 795 2.21
f3259_15 114 245 428 2.99
f0008_45 105 948 363 4.83
f2180_96 111 104 253 2.62
f0127_07 107 602 243 3.19
f2512_54 111 499 449 4.63
f1457_23 111 874 488 2.78
f3656_42 100 296 652 4.37
f0176_30 88 47 777 4.11
f2555_88 114 73 783 2.34
f0720_38 101 100 517 2.74
f1450_34 114 582 615 2.59
f3622_43 109 978 526 2.55
f1927_01 105 356 1066 1.18
f1025_22 105 252 260 2.63
f0562_31 111 841 360 4.63
f2529_70 108 204 140 3.23
f3454_44 115 908 609 3.82
f1861_26 107 1103 631 1.5
f1511_41 110 140 673 3.91
f1957_41 102 708 920 2.42
f3740_01 102 397 712 2.18
f3293_30 105 673 552 3.39
f1831_15 46 350 233 1.31
f1788_32 95 226 241 4.02
f1872_07 63 786 704 1.33
f0598_49 96 603 491 4.89
f3551_12 92 1090 912 2.74
f1414_16 77 65 954 3.47
f0830_45 82 507 1149 3.6
f3303_31 114 1015 534 4.83
f3686_49 117 1093 296 3.67
f3725_39 107 1154 393 3.76
f1121_47 92 682 1166 3.85
f0343_35 115 619 1062 2.69
f0969_31 41 1192 1003 2.59
f3385_08 108 285 35 4.47
f2012_46 105 251 372 4.93
f1465_32 78 370 1095 4
f2519_67 111 1080 762 2.91
f0892_23 95 94 721 3.45
f3572_03 110 553 603 2.13
f1478_41 109 712 297 4.03
f2534_96 113 619 443 1.77
f2316_50 98 909 1008 1.83
f1557_00 106 1138 471 4.83
f3614_06 114 332 1112 2.63
f1878_33 103 1080 612 3.2
f2334_99 101 993 950 3.11
f0873_42 100 204 751 3.61
f2288_58 100 1116 222 2.22
f2053_20 103 847 151 2.22
f0953_15 112 995 135 3.62
f1558_21 96 297 1098 4.37
f1660_07 95 923 386 2.01
f0054_14 111 1116 93 3.97
f2535_60 108 123 1112 1.91
f2524_58 82 82 154 3.82
f2206_73 89 1179 144 1.36
f0630_16 104 863 23 1.9
f0409_49 95 244 999 1.13
f3842_45 94 690 476 3.97
f3476_46 110 130 302 2.16
f3238_40 114 356 855 3.39
f0622_25 108 292 376 4.13
f1280_21 61 112 1045 1.04
f3295_35 105 672 603 2.62
f3870_03 108 1096 761 3.07
f1905_23 103 782 315 3.03
f1496_39 103 549 1102 3.34
f0742_09 78 659 660 1.76
f1543_08 106 191 460 2.93
f0594_00 97 858 909 3.19
f2537_57 112 1060 989 1.9
f1978_04 102 1076 836 1.33
f3582_25 114 898 215 3.67
f3188_47 108 1113 203 2.98
f3686_49 117 1093 296 3.67
f0840_37 108 29 133 3.14
f1154_00 65 302 109 2.2
f1968_09 110 870 58 3.78
f1347_06 88 1185 638 4.55
f3192_37 113 1010 1069 2.02
f3472_19 87 198 974 1.21
f3367_07 114 108 49 4.48
f0759_41 112 885 944 1.16
f0871_23 95 593 190 1.23
f0458_38 109 194 1019 3.31
f0741_44 27 665 196 1.28
f2270_87 98 440 781 2.07
f3632_10 113 291 684 4.5
f1041_18 95 811 919 1.52
f0837_08 51 107 629 3.08
f1440_10 115 464 903 4.47
f2506_77 99 34 210 2
f2099_21 101 10 907 3.28
f2551_80 112 469 406 4.93
f2033_24 110 305 1139 2.07
f1048_31 116 911 321 2.06
f1313_04 113 913 838 4.59
f3734_01 113 13 29 3.69
f1204_09 110 238 579 4.25
f1751_08 89 1000 225 2.26
f2469_50 109 36 59 3.89
f0240_02 111 567 493 2.66
f0978_05 96 861 62 1.17
f0125_02 75 503 170 4.01
f3119_39 102 1166 80 4.35
f4073_38 114 582 290 2.35
f3398_06 109 89 594 4.98
f1823_43 96 406 833 4.33
f1708_22 92 25 388 3.43
f0680_28 117 504 27 4.92
f3793_06 96 1166 262 3.14
f2456_71 94 1138 175 3.6
f2443_80 62 720 693 2.75
f3361_17 114 1108 801 2.99
f1870_30 111 171 743 2.92
f2390_87 99 1188 608 3.89
f1536_05 116 502 765 1.38
f1177_42 101 864 1135 2.14
f2445_82 105 970 244 3.83
f0320_41 113 167 25 3.43
f3586_05 108 214 28 1.61
f1685_23 97 592 676 1.68
f3868_35 113 615 860 2.86
f0286_16 80 382 367 4.8
f2014_07 104 335 981 1.22
f0029_05 96 591 524 2.92
f0524_04 103 894 142 4.1
f2449_96 80 1024 694 2.14
f0066_37 113 632 846 4.53
f1698_35 105 352 458 1.92
f3596_19 105 315 354 1.75
f0809_16 106 153 1122 1.76
f1324_40 110 1126 155 1.77
f1757_24 103 297 512 1.15
f0557_33 97 20 363 1.23
f3695_42 115 510 895 1.69
f2408_73 106 867 1162 4.86
f0751_28 105 309 11 3.93
f3186_24 107 314 981 2.58
f3170_08 111 975 384 3.01
f3651_18 112 1134 112 4.55
f1736_04 87 916 491 4.3
f2497_54 115 734 1036 3.13
f2120_61 93 743 879 3.79
f1514_35 106 95 12 4.73
f1292_22 69 1197 234 1.09
f1743_33 75 342 44 1.83
f0059_21 110 347 257 2.38
f2329_94 71 962 973 4.13
f2152_98 89 963 614 3.3
f2483_64 108 1184 164 1.95
f4070_43 100 73 268 4.52
f0037_16 115 1151 458 4.63
f0523_42 102 348 699 2.34
f0535_19 105 221 95 4.39
f1818_11 96 73 242 4.27
f0974_14 105 52 958 2.28
f0122_45 84 747 449 4.04
f1904_33 96 845 497 2.37
f3192_37 113 1010 1069 2.02
f3599_19 100 854 794 4.3
f3924_24 112 1153 298 3.62
f3799_11 111 717 668 2.47
f0308_10 81 760 875 3.54
f1733_23 78 793 1013 3.62
f0970_15 97 683 591 2.13
f1331_49 89 711 673 3.76
f3266_12 111 296 1 3.34
f1757_24 103 297 512 1.15
f1171_06 87 1188 206 4.96
f0960_13 85 777 241 2.55
f1467_22 77 866 584 4.44
f3438_08 114 1022 1061 1.06
f3355_36 115 88 920 4.85
f2110_56 117 593 93 3.52
f3930_25 112 390 483 2.91
f1485_22 100 637 189 3.63
f3736_09 114 598 478 4.52
f3508_31 114 299 907 2.56
f0390_33 92 1108 117 4.84
f1207_46 88 117 1092 4.57
f0562_31 111 841 360 4.63
f0685_40 92 854 27 3.91
f1312_23 103 62 1002 2.31
f0647_19 103 437 1018 4.24
f0581_30 91 553 756 4.37
f2464_74 100 1001 976 3.34
f1814_24 87 138 618 4.16
f0872_30 84 473 21 3.52
f2200_55 108 1119 815 2.32
f2418_82 107 491 61 4.73
f3217_28 114 193 301 4.75
f1841_05 111 594 1016 1.58
f3630_14 105 41 163 2.96
f0622_25 108 292 376 4.13
f3305_28 116 981 773 4.51
f2285_54 106 960 606 2.39
f3309_37 111 358 937 1.55
f0506_18 98 592 648 3.53
f4096_14 113 318 554 1.5
f1293_37 67 644 278 4.84
f0517_23 92 271 178 4.41
f2183_59 114 2 1000 3.52
f0293_40 109 337 1134 1.08
f3645_14 101 718 1017 3.38
f1463_23 97 676 1018 4.96
f3408_47 107 479 1085 4.12
f0461_47 114 700 1091 2.27
f2095_37 52 6 1033 2.47
f3414_29 113 712 593 2.96
f3564_08 111 877 571 4.3
f2420_84 117 302 293 3.15
f3427_21 117 525 294 4.55
f4004_35 115 369 288 2.37
f2549_82 79 1200 685 2.4
f0146_33 81 753 412 1.92
f0553_03 78 588 757 3.61
f3484_17 109 346 56 1.74
f3844_11 107 548 501 1.95
f1863_44 105 12 1136 4.59
f3595_18 91 698 567 2.27
f4070_43 100 73 268 4.52
f3859_23 112 49 403 1.93
f3618_26 113 356 1129 4.79
f1359_45 86 877 1045 1.19
f1388_41 61 963 622 3.8
f3563_46 113 884 279 1.17
f2266_81 102 177 822 2.64
f1369_36 113 656 909 4.23
f1186_07 96 432 356 2.19
f0986_02 109 1015 570 1.14
f1317_00 104 1149 968 1.89
f3250_14 114 577 727 2.06
f2193_99 114 262 433 4.81
f1495_32 50 677 190 3.76
f3429_41 116 611 1195 1.71
f0281_47 113 614 1026 3.81
f2023_12 87 376 1027 4.73
f1064_32 108 1097 880 4.95
f0461_47 114 700 1091 2.27
f2252_75 106 72 1034 2.02
f0664_26 71 1187 389 3.26
f2346_88 104 631 338 4.69
f0684_13 79 215 9 4.27
f1244_09 98 316 56 1.7
f1581_39 101 651 889 2.46
f4044_44 103 1135 362 2.94
f0867_28 100 865 155 2.69
f3776_05 105 490 817 2.18
f2184_98 113 837 946 2.7
f3611_14 116 1056 21 3.42
f0278_07 112 793 772 3.95
f0790_06 62 834 387 2.4
f1189_06 85 256 621 2.47
f1037_16 49 334 851 4.31
f0463_09 96 1198 538 4.74
f3678_17 116 804 620 4.97
f1378_08 99 443 704 1.19
f1492_06 87 59 1189 1.24
f3289_18 115 707 1038 2.42
f2285_54 106 960 606 2.39
f1916_32 107 583 958 3.85
f2506_77 99 34 210 2
f3575_04 104 983 638 2.6
f2317_76 102 432 874 3.58
f0877_17 114 134 812 2.28
f1800_08 104 387 316 2.03
f3291_47 90 379 510 3.41
f3166_12 109 278 949 4.65
f2170_68 94 917 231 4.85
f1139_48 106 447 817 2.75
f3868_35 113 615 860 2.86
f2307_62 94 409 655 1.2
f0897_19 45 167 436 3.05
f4008_34 103 6 240 3.47
f3579_30 116 983 802 1.42
f3991_38 113 1144 400 1.08
f2249_75 87 227 533 2.89
f1955_30 102 1080 285 1.81
f1615_41 88 901 202 4.05
f3311_03 106 1058 542 1.86
f0172_40 112 450 489 4.41
f2567_60 103 598 915 3.6
f2497_54 115 734 1036 3.13
f0967_29 114 777 1200 3.43
f0264_18 110 333 781 3.85
f1315_48 98 572 1054 1.83
f1595_34 105 237 219 2.8
f0755_46 86 811 187 2.9
f3884_40 109 1058 972 2.91
f3440_33 113 825 1143 3.41
f3742_12 93 380 603 4.86
f2186_55 110 536 913 2.71
f1451_24 83 114 366 1.73
f3892_07 115 540 843 2.48
f3202_01 101 581 991 1.73
f0529_06 87 229 0 3.15
f0241_46 114 1038 343 1.63
f0686_09 109 236 742 2.2
f0233_14 96 760 995 1.8
f3922_38 103 345 562 3.32
f0723_20 105 1038 225 4.6
f0616_04 106 676 1198 4.2
f3636_24 94 972 19 3.94
f2555_88 114 73 783 2.34
f1209_31 22 668 789 4.54
f0085_01 75 977 168 1.04
f2449_96 80 1024 694 2.14
f0145_33 89 801 1116 1.73
f1485_22 100 637 189 3.63
f2563_91 106 1176 150 3.74
f1201_49 107 354 754 3.14
f0254_46 113 316 1099 4.76
f2391_85 110 209 774 2.8
f3985_04 114 573 573 1.22
f2196_58 100 792 437 1.34
f1028_20 99 160 434 1.7
f1957_41 102 708 920 2.42
f0058_07 106 177 1169 3.59
f4062_17 115 1047 816 3.03
f2403_71 99 789 973 3.93
f1064_32 108 1097 880 4.95
f1662_01 113 434 182 4.46
f3941_08 102 937 1173 2.69
f2200_55 108 1119 815 2.32
f0066_37 113 632 846 4.53
f3655_18 106 479 783 2.93
f1623_09 78 304 371 2.06
f2128_52 100 610 1184 2.77
f0678_26 90 764 813 1.2
f0945_28 110 1120 560 1.95
f1189_06 85 256 621 2.47
f0419_29 97 988 792 2.71
f0733_34 107 298 644 2.12
f1497_28 111 97 806 3.67
f3866_43 99 357 10 3.18
f1152_03 86 718 942 4.12
f3720_15 71 606 297 4.11
f3612_13 114 1012 610 4.04
f3894_37 109 459 235 4.91
f1037_16 49 334 851 4.31
f0804_00 106 1103 649 1.4
f2404_70 107 537 1080 2.3
f2523_65 111 923 1109 4.14
f1461_46 88 275 695 1.06
f0563_12 64 336 525 2.58
f0768_20 93 721 83 2.97
f1581_39 101 651 889 2.46
f3777_32 114 1109 255 1.19
f4038_15 114 577 20 4.38
f2451_68 105 986 255 1.42
f0921_40 83 6 1055 4.78
f3234_23 113 464 835 4.12
f2138_72 105 880 1152 2.5
f1560_15 114 69 85 2.74
f1972_15 90 1197 804 4.42
f1827_17 102 673 1047 2.33
f0341_00 60 130 640 1.69
f1772_12 81 1159 841 3.67
f3581_23 115 1036 34 1.25
f1950_08 107 537 534 3.21
f0237_46 92 304 148 3.57
f0203_21 111 230 650 1.57
f2499_74 97 1177 381 2.61
f0914_27 106 1072 1037 3.05
f1278_22 111 93 895 2.62
f0256_08 109 651 1032 4.24
f1195_27 93 1179 624 1.03
f0769_14 114 779 310 4.2
f1981_44 83 250 1184 3.88
f0068_00 84 201 716 4.63
f1506_35 96 506 132 1.87
f0098_33 90 1144 1148 1.76
f1272_09 115 55 761 3.49
f2479_65 112 1054 897 1.49
f2408_73 106 867 1162 4.86
f2564_59 93 1063 636 2.31
f3715_44 91 1067 1111 3.58
f3401_42 117 688 737 2.94
f2523_65 111 923 1109 4.14
f1262_42 105 487 206 3.64
f2429_95 113 874 1013 1.18
f4025_17 114 160 1171 1.52
f3638_42 113 98 1092 4.46
f3846_02 105 22 1090 4.12
f0582_44 85 528 837 2.4
f1858_21 81 993 575 2.6
f1642_04 97 672 992 1.51
f1208_33 73 366 35 3.04
f3851_19 105 715 977 3.22
f0996_01 103 399 1128 4.83
f2282_53 96 1062 382 1.84
f1234_26 78 546 772 1.73
f3685_08 116 863 214 1.11
f4075_12 116 239 529 1.54
f0436_17 110 608 922 1.56
f3594_23 108 480 807 2.5
f1278_22 111 93 895 2.62
f2380_76 107 1096 356 4.57
f2112_65 117 1080 500 4.2
f0930_07 82 747 625 1.17
f1822_45 103 616 704 4.71
f2566_51 114 411 699 2.46
f4073_38 114 582 290 2.35
f0807_16 87 49 153 3.27
f1166_04 98 1089 440 1.98
f0586_11 114 1165 288 3.52
f0512_15 114 882 1169 1.25
f1883_03 103 611 449 2.04
f3397_12 114 201 811 1.92
f0042_43 74 113 655 1.31
f3611_14 116 1056 21 3.42
f0122_45 84 747 449 4.04
f3738_16 108 649 622 2.93
f0232_28 58 266 615 4.59
f2428_96 111 338 952 2.64
f2156_56 112 945 950 2.12
f3701_44 112 440 547 3.29
f1182_38 98 1110 872 1.11
f0447_21 60 735 699 4.52
f2506_77 99 34 210 2
f0797_22 92 158 1151 4.87
f1503_02 81 19 399 1.75
f3833_03 81 10 402 1.37
f1860_06 89 959 726 4.06
f3881_31 98 444 1189 1.43
f4095_43 114 355 695 3.2
f3431_32 116 348 315 3.59
f0170_40 97 686 306 1.88
f2411_88 109 295 510 3.43
f1629_49 114 499 1029 3.5
f0389_38 96 741 109 1.64
f2563_91 106 1176 150 3.74
f3299_12 114 186 437 1.38
f0355_32 113 1081 442 4.51
f3749_27 117 762 457 1.18
f1966_31 78 760 804 3.44
f0488_39 103 802 674 1.35
f1328_01 96 1079 1030 3.09
f0958_28 105 1052 311 3.74
f0720_38 101 100 517 2.74
f0209_30 87 281 246 1.48
f3250_14 114 577 727 2.06
f2201_80 110 165 737 2.72
f1683_30 107 11 913 1.7
f0529_06 87 229 0 3.15
f3168_20 113 800 176 3.72
f1444_03 116 919 219 2.1
f3687_48 111 822 1042 2.75
f0812_32 93 1112 466 3.93
f0127_07 107 602 243 3.19
f3963_34 115 406 290 2.42
f1327_05 98 1140 258 1.9
f0673_28 114 651 439 1.26
f2430_92 114 1040 231 2.08
f2576_66 114 191 553 3.66
f0133_23 102 319 806 3.17
f4056_41 116 814 1036 2.18
f0580_29 82 45 890 4.92
f1126_06 114 567 552 3.81
f3913_01 106 969 110 2.21
f1286_47 110 1183 833 4.98
f1785_07 103 1192 854 4.37
f3879_35 113 703 201 1.57
f1560_15 114 69 85 2.74
f1097_20 105 49 635 3.73
f1706_39 114 838 976 3.65
f0517_23 92 271 178 4.41
f0694_49 71 372 161 2.02
f1944_40 66 1141 209 1.79
f2297_69 107 1039 564 1.79
f2235_81 112 415 26 4.37
f4094_49 94 125 59 4.81
f1836_34 113 324 846 4.57
f1392_44 111 206 902 4.71
f3685_08 116 863 214 1.11
f0255_48 116 887 442 2.11
f3544_20 105 710 276 2.17
f0072_36 87 712 758 2.14
f1533_23 115 450 18 3.39
f1146_05 55 725 565 3.35
f2552_82 103 332 879 3.76
f1007_22 112 258 1141 2.01
f1338_02 114 896 591 4.37
f0279_03 97 562 808 2.56
f0869_20 78 568 424 2.47
f0811_49 106 1107 769 1.11
f1645_35 115 974 1181 4.07
f3311_03 106 1058 542 1.86
f0488_39 103 802 674 1.35
f2406_72 121 814 649 2.9
f1926_49 97 127 957 3.5
f1666_45 87 829 83 3.62
f2093_26 107 1044 453 3.07
f3916_23 114 223 1015 2.41
f2281_52 116 939 1058 2.29
f1607_17 69 125 708 4.18
f1085_29 82 882 36 2.07
f0127_07 107 602 243 3.19
f3144_39 114 232 58 4.23
f0602_16 102 890 684 1.3
f3268_37 110 1122 376 3.69
f3500_08 112 1130 1020 3
f3326_06 108 947 479 3.89
f2301_65 112 826 1089 2.52
f0370_20 87 169 752 4.48
f2360_75 107 1039 1 3.64
f1436_39 103 119 534 1.2
f2279_94 116 972 950 2.31
f3418_34 99 692 142 3.53
f2368_50 112 51 888 4.31
f1454_12 96 241 221 1.65
f2313_55 111 609 1171 1.47
f0281_47 113 614 1026 3.81
f2014_07 104 335 981 1.22
f1457_23 111 874 488 2.78
f1675_40 62 155 968 1.49
f0752_25 117 603 832 2.55
f1913_37 110 343 458 2.3
f3121_43 106 318 4 4.09
f3321_36 117 927 951 3.39
f0202_09 97 301 211 1.01
f3619_19 97 1130 1028 3.62
f2541_99 114 1038 953 1.72
f1225_06 112 635 1154 1.21
f2174_61 106 889 111 2.12
f3997_45 109 940 352 1.29
f0934_12 114 253 186 4.48
f3994_27 107 1119 374 2.39
f2235_81 112 415 26 4.37
f3884_40 109 1058 972 2.91
f3424_24 101 1141 2 1.94
f2181_63 112 440 1034 2.57
f1408_02 73 45 899 1.59
f0998_45 96 438 1119 3.87
f0233_14 96 760 995 1.8
f1737_09 87 463 1069 2.36
f0034_08 93 949 361 2.64
f0963_21 88 1039 237 2.79
f2324_84 108 1196 256 2
f1084_48 111 945 153 2.54
f3904_45 91 1032 883 4.83
f4064_46 67 332 1186 4.94
f0828_34 105 1040 341 3.53
f3949_09 113 1135 1147 2.36
f0460_02 112 1068 166 3.6
f3161_02 111 404 612 2.08
f0565_03 99 269 357 3.87
f0964_10 67 599 584 1.64
f2275_90 104 864 748 2.53
f2510_55 111 610 623 3.94
f0769_14 114 779 310 4.2
f0935_28 114 1176 1157 4.06
f1409_25 105 1122 142 4.22
f2476_67 114 201 386 4.01
f3774_21 107 597 788 3.9
f0688_09 88 723 1145 1.55
f2362_73 97 448 855 1.55
f0570_31 115 36 744 4.9
f1700_36 103 9 337 3.43
f0145_33 89 801 1116 1.73
f3876_02 116 987 763 2.97
f0899_05 97 598 578 2.32
f3195_04 107 558 727 2.02
f1442_28 92 1000 432 3.33
f3406_49 114 740 1151 3.81
f0440_17 86 1069 488 4.29
f0712_09 102 414 1003 1.32
f1052_05 87 1002 771 3.43
f1117_18 96 206 93 3.47
f3130_44 111 190 350 3.93
f1899_19 61 472 643 2.47
f1407_18 86 289 1013 2.6
f3916_23 114 223 1015 2.41
f3783_47 116 1112 466 2.6
f0424_27 59 890 297 3.29
f2025_00 105 805 59 3.53
f2137_90 87 193 560 4.39
f3198_32 114 621 712 2.22
f2012_46 105 251 372 4.93
f0755_46 86 811 187 2.9
f2587_73 106 623 395 4.95
f1040_01 93 1175 420 2.17
f2063_00 73 518 257 4.04
f0234_16 110 416 691 3.71
f2113_94 116 564 440 2.42
f1758_36 108 1056 1082 3.65
f2258_85 117 169 761 2.08
f2132_69 105 1049 725 2.78
f1349_00 106 762 252 2.17
f0723_20 105 1038 225 4.6
f3480_48 116 640 598 3.28
f0561_12 105 1053 178 2.91
f1420_00 83 521 128 1.36
f2349_78 81 1006 1183 1.13
f3899_30 115 394 967 2.94
f3872_39 116 523 923 4.23
f1498_08 108 448 756 3.69
f0935_28 114 1176 1157 4.06
f2107_53 106 563 1090 2.16
f3165_11 118 387 585 2.34
f3908_41 116 632 705 3.81
f2041_22 101 734 221 1.71
f1393_25 109 627 459 4.95
f0671_18 113 1190 80 2.56
f0319_32 74 126 184 2.44
f1647_28 113 315 1074 3.43
f1339_22 93 1135 808 2.48
f4078_05 111 1150 1188 4.1
f3571_20 102 894 184 2.96
f3910_30 105 193 1076 2.85
f1942_21 114 264 11 4.73
f2061_12 87 936 940 3.91
f3472_19 87 198 974 1.21
f1238_43 102 642 874 1.48
f0765_33 113 138 1018 4.8
f1459_30 86 209 1038 2.45
f3249_21 118 763 9 1.22
f1684_08 109 98 1163 2.89
f2360_75 107 1039 1 3.64
f0631_03 112 495 395 2.29
f3427_21 117 525 294 4.55
f0389_38 96 741 109 1.64
f0135_03 91 402 727 3.15
f3407_40 110 307 422 4.04
f0757_24 94 567 657 1.49
f0189_49 86 422 490 2.85
f3253_11 116 274 656 1.19
f3236_26 105 154 990 2.1
f0700_20 102 986 110 3.76
f0370_20 87 169 752 4.48
f0634_01 92 1011 554 3.4
f1739_23 114 184 797 2.48
f3641_13 112 537 698 2.01
f2332_97 113 123 539 2.34
f0549_39 97 36 295 4.7
f3498_04 113 510 691 3.89
f3583_09 116 987 1199 3.9
f2178_93 116 97 115 1.63
f3895_38 115 97 354 3.62
f3437_17 116 735 888 1.04
f2489_89 88 945 134 4.18
f0608_06 88 949 780 4.98
f3212_36 116 787 80 3.84
f3861_21 117 275 87 3.42
f0071_21 77 473 462 1.73
f1001_28 105 485 259 1.65
f3387_42 112 328 892 1.1
f2276_91 105 1074 1091 1.9
f3181_10 97 285 737 2.24
f1744_39 112 844 263 3.33
f2282_53 96 1062 382 1.84
f0963_21 88 1039 237 2.79
f0966_44 100 370 899 2.22
f2509_53 109 587 166 4.48
f3460_47 115 507 544 4.38
f1718_29 98 1172 223 2.85
f1360_32 86 172 983 2.58
f3932_35 106 871 574 4.6
f3679_06 112 1043 655 4.88
f2040_47 96 841 469 4
f3623_42 94 955 762 2.77
f1478_41 109 712 297 4.03
f0950_21 93 889 790 2.79
f2161_58 105 47 405 2.35
f3541_02 111 287 258 3.62
f3193_08 116 1151 1023 1.81
f1859_39 96 969 901 1.9
f1132_19 108 552 1171 4.61
f3153_49 114 133 66 3.27
f2249_75 87 227 533 2.89
f2193_99 114 262 433 4.81
f3767_45 109 120 393 1.33
f2263_79 114 712 95 4.34
f3468_13 114 213 1115 2.05
f1216_32 109 785 736 3.38
f1222_04 96 908 768 4.13
f1145_39 41 942 791 1.84
f2436_53 98 1027 805 3.63
f0705_35 95 1120 326 1.72
f0049_32 107 831 866 4.83
f1199_24 109 724 833 2.4
f3947_36 111 800 409 2.58
f1003_41 76 870 750 3.55
f1622_16 107 123 361 4.31
f1460_02 95 764 904 2.89
f3741_12 98 422 1049 3.45
f2042_30 109 861 68 4.84
f3291_47 90 379 510 3.41
f0815_12 114 112 521 4.4
f0938_10 110 304 777 2.52
f3267_41 109 196 866 1.63
f3999_42 92 743 1047 1.76
f1435_38 99 141 154 3.79
f2018_05 98 877 380 3.36
f3448_15 107 989 485 2.27
f1189_06 85 256 621 2.47
f1513_07 73 1009 265 4.4
f2118_60 110 421 99 2.3
f3647_13 105 732 452 1.54
f4041_39 115 1097 283 4.54
f0913_31 103 872 1176 3.05
f1203_10 107 884 983 1.07
f0895_48 64 96 1014 3.81
f3505_39 115 1001 742 2.98
f1465_32 78 370 1095 4
f1853_42 105 425 366 2.58
f0575_25 89 892 760 1.92
f3154_48 106 1024 613 1.72
f1717_16 85 1058 163 1.39
f3257_17 105 164 167 4.84
f2105_51 57 142 118 2.63
f0000_14 93 301 1024 1.89
f4021_01 116 529 203 2.06
f1459_30 86 209 1038 2.45
f0202_09 97 301 211 1.01
f2343_83 114 579 777 3.82
f3479_08 114 1043 1152 1.03
f1147_19 85 714 85 1.04
f0531_48 110 218 1108 3.33
f2592_71 87 104 1040 2.06
f3347_47 115 24 529 2.38
f3377_11 89 889 1138 3.81
f0544_05 93 791 447 4.1
f2227_89 99 1148 482 3.02
f1223_27 103 839 363 2.26
f0922_02 113 246 1191 4.67
f4025_17 114 160 1171 1.52
f3632_10 113 291 684 4.5
f1087_32 104 1047 984 1.07
f0962_04 110 403 684 1.55
f0066_37 113 632 846 4.53
f2232_76 80 857 355 2.38
f2055_31 96 486 471 1.58
f0344_25 112 70 185 3.8
f1751_08 89 1000 225 2.26
f3330_43 114 272 658 1.28
f0599_04 105 257 1171 3.05
f1227_38 99 831 548 2.91
f0196_10 114 387 841 1.22
f0949_02 85 896 1048 2.46
f0961_08 112 830 885 3.88
f2491_71 88 1157 338 3.7
f2405_90 105 325 521 2.5
f2299_91 107 443 1012 1.03
f2442_81 106 912 1050 1.19
f2005_01 96 1057 323 4.14
f1013_47 110 6 776 4.71
f1405_35 94 463 440 4.11
f3316_22 106 235 65 1.96
f3310_44 109 284 486 3.37
f2132_69 105 1049 725 2.78
f3610_45 114 607 1067 2.63
f0946_31 86 59 712 2.26
f1792_12 112 471 846 1.69
f3885_04 115 944 247 1.72
f3140_49 109 808 806 3.56
f2021_30 107 739 531 4.65
f3604_21 106 428 206 4.63
f2485_77 113 181 1195 1.76
f1316_31 81 475 953 3.54
f0282_04 65 829 313 1.57
f2441_83 96 1076 554 4.04
f0135_03 91 402 727 3.15
f0185_23 113 386 1199 3.78
f3367_07 114 108 49 4.48
f4027_34 104 751 765 2.5
f1079_06 66 551 128 4.99
f3463_16 106 1001 640 4.53
f2344_86 59 1162 815 4.39
f0413_09 88 393 1063 3.3
f3424_24 101 1141 2 1.94
f1365_16 95 632 916 4.95
f0575_25 89 892 760 1.92
f2030_28 105 76 899 1.23
f2118_60 110 421 99 2.3
f2263_79 114 712 95 4.34
f2587_73 106 623 395 4.95
f2298_74 112 840 361 4.4
f1200_36 87 329 845 3.4
f2060_18 108 1152 57 1.43
f1382_07 98 126 835 1.07
f1517_35 62 20 388 3.6
f0903_42 105 1167 216 4.38
f3792_21 100 506 861 2.89
f2254_72 90 441 1031 4.27
f1236_11 105 811 576 1.47
f0890_35 115 1145 406 2.89
f3425_47 110 966 446 3.26
f2416_80 104 1168 986 3.99
f1793_33 83 838 376 3.23
f2517_63 110 535 930 4.38
f3609_24 118 908 505 2.81
f0993_30 113 604 88 3.78
f3638_42 113 98 1092 4.46
f1156_23 92 1078 492 2.89
f3652_48 110 769 765 1.85
f1334_00 96 791 617 2.27
f2113_94 116 564 440 2.42
f1557_00 106 1138 471 4.83
f3746_12 112 715 59 2.47
f2438_76 105 1109 627 3.75
f1583_41 115 613 1014 3.37
f1987_47 104 13 514 1.4
f1497_28 111 97 806 3.67
f2587_73 106 623 395 4.95
f3612_13 114 1012 610 4.04
f1046_14 90 784 840 4.65
f1161_00 68 738 132 2.95
f2021_30 107 739 531 4.65
f1495_32 50 677 190 3.76
f2479_65 112 1054 897 1.49
f0358_32 89 632 1054 1.43
f2002_29 90 969 181 4.97
f1862_37 109 508 733 1.67
f4041_39 115 1097 283 4.54
f1408_02 73 45 899 1.59
f1830_16 105 604 995 3.14
f2523_65 111 923 1109 4.14
f3630_14 105 41 163 2.96
f1433_36 97 636 647 3.12
f1728_02 115 764 30 1.29
f0835_08 93 1011 1125 3.83
f3348_00 107 106 505 3.58
f3339_15 95 203 502 4.08
f0989_33 96 142 263 2.52
f3478_49 114 706 418 3.7
f2241_88 106 1135 1161 4.61
f3864_42 113 994 1180 1.36
f3928_39 109 548 1022 4.35
f0124_11 115 1190 258 3.64
f2439_77 89 884 752 2.28
f1823_43 96 406 833 4.33
f1760_27 105 1168 964 4.18
f0566_02 107 902 1162 4.89
f1082_22 107 102 170 2
f2442_81 106 912 1050 1.19
f3863_30 105 314 660 4.9
f1547_06 111 536 482 4.03
f3108_34 115 694 1161 2.95
f0329_34 115 692 413 3.75
f1404_39 78 203 1105 4.5
f0533_32 93 988 715 1.66
f3361_17 114 1108 801 2.99
f1602_35 108 729 976 1.11
f2112_65 117 1080 500 4.2
f1553_24 81 857 1140 3.93
f3142_38 114 690 915 4.34
f1427_16 108 240 863 3.41
f0461_47 114 700 1091 2.27
f1962_12 114 266 181 2.18
f0838_49 101 1152 858 3.39
f3967_43 90 894 564 4.83
f0038_42 72 805 1184 1.21
f3449_11 114 989 1056 3.22
f0992_04 87 1128 357 1.11
f1816_24 70 419 296 2.35
f2139_75 82 516 647 2.27
f2342_82 106 394 1121 2.23
f3534_47 104 168 752 3.51
f0843_06 113 239 355 2.05
f1240_01 103 1182 167 3.28
f1764_25 93 462 850 1.65
f1735_22 104 175 579 4.39
f0700_20 102 986 110 3.76
f0275_17 96 234 1026 1.81
f2228_87 111 821 648 2.36
f3144_39 114 232 58 4.23
f0886_40 94 679 694 2.44
f2364_65 95 208 743 1.29
f0654_02 105 300 938 3.52
f2405_90 105 325 521 2.5
f0940_45 100 954 443 4.13
f1940_28 101 892 323 2.28
f3409_20 106 338 1061 3.13
f1904_33 96 845 497 2.37
f3770_21 105 651 526 2.23
f0506_18 98 592 648 3.53
f1385_36 91 268 368 4.6
f1224_16 108 773 661 2.68
f1867_44 89 1119 627 3.72
f0611_34 98 231 683 4.32
f3974_03 114 752 662 4.9
f1435_38 99 141 154 3.79
f3409_20 106 338 1061 3.13
f4056_41 116 814 1036 2.18
f3107_16 109 1193 29 3.63
f0248_43 106 1033 254 1.68
f3967_43 90 894 564 4.83
f3348_00 107 106 505 3.58
f1893_26 108 684 718 1.17
f1632_39 96 1028 1114 4.13
f2007_45 74 882 981 2.47
f1567_20 114 773 133 3.8
f1501_00 106 811 990 3.58
f3124_21 114 1102 663 4.71
f2409_51 112 973 209 2.18
f1689_07 108 900 765 1.59
f1844_38 100 881 821 1.95
f3117_11 116 366 37 3.18
f2532_93 116 986 212 2.02
f1547_06 111 536 482 4.03
f0457_13 85 1094 149 3.13
f3795_00 104 101 247 4.83
f0447_21 60 735 699 4.52
f3489_38 96 361 1179 3.35
f1245_39 81 151 540 2.26
f3471_02 105 1017 1019 4.13
f0459_12 86 241 1027 4.91
f3747_12 63 563 253 2.68
f1106_01 73 934 73 1.86
f0773_10 87 1132 631 2.62
f1039_40 107 191 352 1.25
f1200_36 87 329 845 3.4
f2068_36 105 390 44 1.7
f2384_51 102 911 632 4.35
f2337_71 107 441 844 4.92
f3681_31 105 397 370 2.37
f3622_43 109 978 526 2.55
f3143_04 115 924 642 3.21
f1771_46 95 1106 502 3.81
f0734_39 105 191 262 4.84
f0254_46 113 316 1099 4.76
f0154_34 94 492 848 1.37
f0200_38 55 219 240 2.36
f3464_12 108 601 1042 1.8
f2131_73 116 1078 1136 1.44
f0651_45 91 494 905 1.64
f3888_32 95 881 510 3.72
f0146_33 81 753 412 1.92
f3689_09 106 1103 187 2.34
f0224_06 102 911 103 3.48
f3246_06 108 194 675 2.56
f4030_29 94 302 1109 2.92
f2502_59 104 219 127 1.16
f3484_17 109 346 56 1.74
f3984_32 111 16 151 2.43
f1035_22 106 800 448 2.05
f0548_49 90 1083 1085 4.77
f3896_07 114 343 874 2.01
f0139_23 64 167 612 3.55
f3481_39 111 678 704 1.69
f0895_48 64 96 1014 3.81
f2172_67 114 187 627 1.58
f0116_23 92 524 409 1.43
f2107_53 106 563 1090 2.16
f3177_03 115 663 337 2.97
f3921_41 111 112 46 3.8
f0836_28 110 545 691 3.55
f3590_03 114 109 858 4.41
f1526_31 104 687 245 1.61
f0067_25 70 38 110 4.83
f1405_35 94 463 440 4.11
f0666_20 113 730 158 1.36
f1591_47 107 695 1153 1.02
f3673_48 114 148 503 3.35
f3960_19 117 360 188 4.14
f0488_39 103 802 674 1.35
f1735_22 104 175 579 4.39
f0590_06 110 969 1160 3.14
f2121_67 90 1065 1151 2.24
f1425_23 108 542 118 4.18
f1721_26 114 624 715 1.12
f0497_00 90 363 1033 4.06
f4030_29 94 302 1109 2.92
f3637_45 109 1101 144 1.9
f1026_41 75 122 814 2.13
f3130_44 111 190 350 3.93
f2295_67 87 799 285 2.22
f0577_19 105 28 210 2.67
f0824_18 108 168 1068 4.78
f0669_11 89 878 15 2.52
f3274_27 117 480 85 3.32
f2102_52 108 261 143 4.7
f3616_07 105 255 527 1.3
f3820_39 60 202 650 1.31
f3913_01 106 969 110 2.21
f1478_41 109 712 297 4.03
f1707_05 91 59 104 4.94
f1848_43 104 269 479 3.46
f3361_17 114 1108 801 2.99
f1675_40 62 155 968 1.49
f3825_12 104 754 135 1.5
f1311_39 113 1187 1179 1.93
f3208_06 106 911 643 4.06
f0410_43 93 147 313 4.9
f1844_38 100 881 821 1.95
f1545_40 92 41 265 4.18
f2387_81 105 1035 285 3.23
f0769_14 114 779 310 4.2
f0712_09 102 414 1003 1.32
f3540_36 108 158 946 1.76
f1905_23 103 782 315 3.03
f3637_45 109 1101 144 1.9
f0272_13 94 328 450 3.43
f3170_08 111 975 384 3.01
f0925_21 114 1181 969 3.39
f1636_00 90 790 147 4.15
f1154_00 65 302 109 2.2
f1544_46 112 903 723 2.05
f1422_18 112 939 708 1.55
f0567_25 87 514 690 1.58
f3849_21 114 917 250 3.75
f3914_30 116 737 65 2.34
f3317_25 102 157 624 4.57
f3358_28 105 327 840 1.68
f3669_35 114 515 413 4.34
f0341_00 60 130 640 1.69
f1195_27 93 1179 624 1.03
f1184_21 69 374 1005 3.68
f1005_12 40 84 51 2.36
f1529_23 99 889 621 3.08
f1944_40 66 1141 209 1.79
f2567_60 103 598 915 3.6
f1762_28 112 867 767 1.56
f0040_25 106 147 392 4.76
f1196_16 100 971 702 3.08
f1469_25 82 115 64 4.84
f2396_91 109 371 1177 2.04
f2342_82 106 394 1121 2.23
f2232_76 80 857 355 2.38
f3507_42 109 344 279 2.42
f1743_33 75 342 44 1.83
f0461_47 114 700 1091 2.27
f3686_49 117 1093 296 3.67
f0734_39 105 191 262 4.84
f1285_45 96 822 919 2.2
f3898_28 114 544 1175 4.25
f1789_37 110 354 380 3.15
f3976_36 117 1177 639 4.88
f1998_10 110 47 967 1.1
f0650_31 92 723 457 1.02
f0416_07 53 648 1131 2.01
f3450_19 116 1050 364 3.45
f3278_33 96 311 719 4.8
f2535_60 108 123 1112 1.91
f2335_52 114 341 909 2.17
f4046_46 105 432 680 1.82
f2312_87 103 485 1129 1.46
f3130_44 111 190 350 3.93
f1695_12 105 199 828 4.56
f3711_08 103 677 1147 2.51
f0241_46 114 1038 343 1.63
f2020_16 102 679 330 4.84
f0916_49 91 805 701 4.39
f3819_19 97 873 530 2.78
f1580_14 85 148 67 2.9
f1108_14 106 974 290 3.76
f3207_05 112 128 200 2.32
f3488_35 112 1004 1043 4.67
f2230_67 94 200 397 1.42
f3630_14 105 41 163 2.96
f2348_56 109 1192 1122 4.49
f1906_16 117 1168 752 2.33
f1622_16 107 123 361 4.31
f3869_23 114 97 1176 2.09
f2398_51 107 498 635 1.66
f0081_26 90 954 177 3.68
f3494_34 116 630 55 2.93
f3210_22 117 953 3 4.38
f3568_48 109 779 234 2.55
f0739_42 103 369 919 4.12
f0208_05 113 1177 938 3.73
f1835_27 72 1135 670 4.76
f1079_06 66 551 128 4.99
f0714_32 107 790 222 1.97
f3814_43 115 980 819 3.29
f1500_25 89 132 355 4.14
f2480_61 93 232 848 3.73
f3312_28 100 231 41 1.44
f1082_22 107 102 170 2
f1353_42 101 364 592 1.75
f1070_09 99 28 203 1.41
f3907_43 105 919 86 2.05
f1967_21 105 596 695 2.09
f2302_58 99 867 518 2.13
f3492_35 112 770 751 2.72
f3758_19 113 1094 1027 1.61
f3418_34 99 692 142 3.53
f0806_09 108 1044 1032 3.2
f2500_50 96 117 891 3.99
f2480_61 93 232 848 3.73
f0075_46 99 520 526 4.01
f2316_50 98 909 1008 1.83
f1724_42 114 744 975 1.13
f1605_44 108 479 168 2.99
f2255_70 116 284 675 2.66
f3183_15 115 455 867 2.14
f1951_19 112 674 1138 3.69
f3539_44 114 783 1102 3.77
f2320_75 109 1091 919 4.46
f0695_31 84 504 879 1.95
f1422_18 112 939 708 1.55
f4015_05 103 125 430 1.23
f2421_86 67 891 750 1.19
f2550_79 101 890 1181 3.99
f3201_07 108 581 910 4.41
f1788_32 95 226 241 4.02
f1521_17 97 785 815 3.02
f0736_38 83 995 365 3.82
f1451_24 83 114 366 1.73
f3944_02 86 138 199 1.1
f0978_05 96 861 62 1.17
f1841_05 111 594 1016 1.58
f3631_34 111 426 146 2.18
f3577_03 114 277 464 1.32
f1394_16 99 186 350 4.89
f1689_07 108 900 765 1.59
f1865_30 89 203 710 3.7
f0884_29 98 552 214 4.96
f1288_23 61 221 590 1.58
f0733_34 107 298 644 2.12
f3286_40 114 769 704 2.11
f3129_16 101 16 238 3.72
f0174_06 102 300 824 4.04
f2111_87 113 452 490 3.29
f0269_21 74 883 999 2.03
f0854_12 79 0 1023 1.13
f0778_20 100 21 217 2.98
f3207_05 112 128 200 2.32
f0253_40 91 823 1104 2.61
f3783_47 116 1112 466 2.6
f0805_48 59 1143 1172 1
f1172_25 89 694 705 1.13
f2149_81 88 1026 175 1.65
f1395_14 88 504 42 4.29
f3575_04 104 983 638 2.6
f3437_17 116 735 888 1.04
f3186_24 107 314 981 2.58
f1523_03 65 5 891 3.77
f1248_28 60 1073 44 4.7
f0913_31 103 872 1176 3.05
f3655_18 106 479 783 2.93
f3514_20 113 144 4 2.21
f1317_00 104 1149 968 1.89
f3175_03 96 885 339 1.41
f3676_37 112 734 582 3.01
f3405_07 113 543 241 1.84
f1884_05 106 532 878 3.12
f3748_29 111 1184 777 4.18
f4032_33 108 592 268 3.93
f3260_09 111 43 635 4.97
f1708_22 92 25 388 3.43
f2430_92 114 1040 231 2.08
f3429_41 116 611 1195 1.71
f0054_14 111 1116 93 3.97
f3391_40 116 583 493 1.9
f3756_06 116 144 139 4.72
f3948_41 101 341 600 4.37
f0208_05 113 1177 938 3.73
f1563_24 87 755 632 1.23
f1405_35 94 463 440 4.11
f1889_05 113 736 218 2
f1434_10 98 530 585 2.1
f3779_49 115 1125 148 4.95
f3224_05 104 408 338 3.29
f0960_13 85 777 241 2.55
f1956_19 106 368 466 4.49
f0645_45 75 257 767 3.12
f1533_23 115 450 18 3.39
f4049_18 116 1113 190 3.12
f1247_15 113 99 188 1.75
f1436_39 103 119 534 1.2
f3848_28 117 520 525 2.42
f3445_01 117 1198 682 4.15
f0500_38 101 724 162 3.33
f1537_32 91 481 1153 2.37
f0737_49 90 872 791 1.11
f2409_51 112 973 209 2.18
f1882_40 87 1165 179 3.81
f0999_29 101 694 1151 4.35
f0039_14 87 288 225 2.05
f1267_20 93 1022 321 4.55
f0182_29 51 1056 1167 2.48
f0423_04 96 677 1139 1.79
f1477_37 69 352 869 4.88
f2167_65 105 25 1019 3.33
f1152_03 86 718 942 4.12
f4087_40 99 968 314 2.74
f2348_56 109 1192 1122 4.49
f1431_47 105 723 998 2.45
f3799_11 111 717 668 2.47
f3461_23 117 137 376 1.96
f4033_05 105 18 102 1.9
f0978_05 96 861 62 1.17
f1574_26 114 662 418 1.22
f0876_43 99 196 141 4.12
f3286_40 114 769 704 2.11
f3790_48 117 650 250 1.35
f2073_06 114 111 183 2.47
f0879_35 111 530 72 2.33
f1542_30 93 229 388 4.48
f2031_31 91 839 380 1.77
f0759_41 112 885 944 1.16
f1650_05 95 500 752 2.84
f3115_25 110 925 614 2.41
f3274_27 117 480 85 3.32
f0391_32 108 1089 265 1.38
f2320_75 109 1091 919 4.46
f1033_07 83 51 1149 2.04
f3421_31 114 21 751 3.32
f2007_45 74 882 981 2.47
f1904_33 96 845 497 2.37
f3494_34 116 630 55 2.93
f3682_45 114 825 385 3.4
f1092_01 75 907 366 3.77
f3527_33 117 1173 471 2.93
f1688_24 106 414 40 1.88
f0379_10 111 128 1178 2.23
f2507_78 106 1120 340 4.97
f0058_07 106 177 1169 3.59
f0943_40 103 925 833 3.01
f3332_19 113 688 318 4.46
f3833_03 81 10 402 1.37
f0148_21 42 261 1017 2.77
f1619_37 108 1167 1116 1.19
f2564_59 93 1063 636 2.31
f1274_24 110 551 665 3.41
f3897_45 114 85 156 4.02
f2012_46 105 251 372 4.93
f0915_03 68 515 322 4.36
f2262_83 104 345 980 3.89
f3329_30 114 955 133 1.38
f1450_34 114 582 615 2.59
f1787_36 96 66 10 3.15
f1848_43 104 269 479 3.46
f4067_23 116 168 480 3.28
f3688_07 107 363 178 3.59
f4074_12 84 828 1100 4.75
f0899_05 97 598 578 2.32
f2251_74 87 283 327 1.33
f2240_80 112 683 1161 2.13
f1598_49 51 1092 554 2.28
f2057_23 95 731 775 1.4
f3109_30 112 298 527 3
f1345_41 105 674 494 2.34
f1240_01 103 1182 167 3.28
f2343_83 114 579 777 3.82
f1416_00 93 1065 530 4.7
f1731_34 54 855 926 3.43
f1226_13 113 697 75 3.65
f2240_80 112 683 1161 2.13
f3885_04 115 944 247 1.72
f0686_09 109 236 742 2.2
f0489_49 95 973 517 1.13
f0577_19 105 28 210 2.67
f3133_33 116 803 1043 2.56
f2067_38 45 65 370 5
f2448_94 115 26 654 1.67
f3577_03 114 277 464 1.32
f3714_05 105 686 534 4.15
f1914_02 61 980 934 2.54
f1540_20 111 63 89 1.93
f3225_26 114 864 140 4.92
f2019_34 104 434 88 3.3
f0994_46 85 984 598 1.02
f3538_29 89 712 1186 1.59
f0760_23 82 589 635 3.51
f0624_32 86 1149 131 3.49
f1242_30 105 65 829 1.18
f0532_09 116 231 23 1.59
f1469_25 82 115 64 4.84
f2439_77 89 884 752 2.28
f1362_31 103 397 471 1.24
f3504_46 114 163 15 4.73
f0305_08 100 760 993 2.96
f3728_28 108 293 792 1.5
f3807_11 116 1121 36 2.74
f4051_49 96 863 8 2.1
f1457_23 111 874 488 2.78
f1461_46 88 275 695 1.06
f0629_39 114 334 1037 3.81
f0771_13 82 816 8 2.8
f0931_37 110 105 776 1.3
f0957_15 116 883 1047 3.46
f0120_29 91 956 854 2.18
f2178_93 116 97 115 1.63
f1080_00 89 271 414 2.08
f2437_50 107 1048 282 2.01
f0734_39 105 191 262 4.84
f0211_26 108 648 280 1.96
f0761_10 80 141 848 3.91
f3909_46 105 1188 567 4.71
f3613_20 93 119 586 4.45
f2507_78 106 1120 340 4.97
f3483_16 114 693 911 3.15
f2050_45 104 1189 144 4.14
f3965_14 102 678 623 4.75
f0970_15 97 683 591 2.13
f1482_39 109 1185 60 3.52
f2285_54 106 960 606 2.39
f3469_10 111 936 578 2.68
f3585_49 116 1190 715 4.57
f4000_40 114 339 475 1.19
f2005_01 96 1057 323 4.14
f0582_44 85 528 837 2.4
f0614_14 91 30 421 4.83
f1599_48 92 460 620 3.3
f0571_24 75 511 653 1.02
f0460_02 112 1068 166 3.6
f0574_03 94 51 364 2.32
f4066_22 113 200 75 1.18
f1649_03 114 941 202 3.32
f3823_46 114 128 738 2.36
f1237_18 87 366 365 2.61
f1326_12 108 851 627 3.97
f0189_49 86 422 490 2.85
f3803_39 104 261 946 3.41
f0790_06 62 834 387 2.4
f1300_41 105 1109 92 2.53
f1534_32 112 135 774 2.34
f4078_05 111 1150 1188 4.1
f0638_07 71 281 860 2.97
f2513_56 116 462 1178 4.71
f1497_28 111 97 806 3.67
f4031_33 114 168 38 1.12
f4002_46 117 1 729 3.92
f0532_09 116 231 23 1.59
f1895_37 112 1040 95 4.62
f0601_32 59 515 41 1.99
f2549_82 79 1200 685 2.4
f3883_18 115 937 872 2.66
f1863_44 105 12 1136 4.59
f1377_09 75 1087 1174 2.8
f0555_35 86 485 102 4.11
f0363_43 51 124 965 3.08
f0077_13 106 707 1141 1.68
f0127_07 107 602 243 3.19
f0911_02 99 144 386 1.27
f2330_95 100 372 796 3.58
f3138_46 114 148 855 3.56
f2550_79 101 890 1181 3.99
f0587_34 103 820 1014 2.87
f0598_49 96 603 491 4.89
f1590_15 107 329 319 2.79
f3694_44 101 829 924 2.28
f0431_36 111 932 222 3.24
f1275_19 105 351 83 3.01
f2505_79 96 1022 693 3.26
f2581_72 117 391 958 4.12
f1690_24 111 604 773 3.96
f0797_22 92 158 1151 4.87
f2226_85 116 131 995 4.73
f0269_21 74 883 999 2.03
f0314_27 108 38 1055 2.29
f1801_01 109 725 1116 1.93
f2483_64 108 1184 164 1.95
f3724_32 107 216 373 2.51
f3530_32 111 1060 452 2.64
f1766_41 105 799 960 3.54
f1101_38 100 772 689 4.96
f0523_42 102 348 699 2.34
f0636_12 103 147 47 4.05
f3354_29 115 399 1021 4.87
f3379_03 117 1122 1172 4.28
f0412_26 100 455 869 1.33
f2315_59 109 66 561 4.75
f2385_83 101 1072 442 2.52
f1519_36 111 386 46 3.73
f1333_48 105 647 564 4.47
f3839_11 100 1116 991 2.72
f2197_62 87 381 170 4.83
f3117_11 116 366 37 3.18
f0528_49 105 192 575 2.7
f2101_62 101 810 883 3.01
f0950_21 93 889 790 2.79
f4061_16 109 802 94 3.77
f0685_40 92 854 27 3.91
f1177_42 101 864 1135 2.14
f3951_47 81 392 773 1.39
f0224_06 102 911 103 3.48
f3373_36 114 198 519 3.65
f0741_44 27 665 196 1.28
f3320_18 111 54 609 1.37
f0906_29 87 593 902 3.24
f1519_36 111 386 46 3.73
f0035_19 106 1065 471 1.16
f1619_37 108 1167 1116 1.19
f1677_01 94 865 1106 3.56
f3769_10 105 198 630 3.6
f3991_38 113 1144 400 1.08
f1606_19 95 386 384 3.7
f4054_12 96 778 945 2.19
f3306_39 110 19 1132 4.26
f1887_23 86 1024 83 4.51
f2066_29 110 552 1040 4.87
f4010_12 106 348 1193 2.31
f3335_15 115 1152 923 3.79
f3247_40 114 928 850 3.63
f1100_46 41 473 257 2.26
f1590_15 107 329 319 2.79
f1396_07 68 408 1122 3.96
f3781_28 109 437 192 2.57
f3368_37 108 870 747 2.47
f3878_43 105 458 408 1.72
f1292_22 69 1197 234 1.09
f1782_05 94 849 791 3.69
f1733_23 78 793 1013 3.62
f3951_33 110 418 1119 4.25
f3898_28 114 544 1175 4.25
f1998_10 110 47 967 1.1
f1596_10 88 477 368 1.62
f3289_18 115 707 1038 2.42
f4093_35 105 505 448 3.71
f0382_03 107 122 11 2.38
f0037_16 115 1151 458 4.63
f1490_31 101 580 874 2.9
f0813_02 102 1070 804 4.34
f3547_04 105 994 906 4.19
f3388_36 110 1144 346 1.5
f3759_43 106 106 1046 1.99
f1934_10 85 734 331 4.23
f4046_46 105 432 680 1.82
f0129_32 70 9 626 4.28
f1139_48 106 447 817 2.75
f3834_35 116 206 15 1.71
f0886_40 94 679 694 2.44
f0982_06 88 751 847 1.5
f3628_27 110 738 92 4.73
f3837_30 113 324 295 3.25
f3285_15 114 25 6 2.03
f2511_52 114 845 880 2.3
f1188_01 91 410 892 3.86
f0945_28 110 1120 560 1.95
f0097_05 105 159 795 4.52
f1814_24 87 138 618 4.16
f2140_77 108 819 845 2.27
f2399_85 105 561 769 3.41
f1841_05 111 594 1016 1.58
f3428_02 113 9 424 4.44
f3665_22 110 596 889 3.87
f2263_79 114 712 95 4.34
f1942_21 114 264 11 4.73
f3187_33 113 281 131 1.95
f0803_40 112 929 1006 4.81
f2457_97 114 759 984 3.46
f2360_75 107 1039 1 3.64
f2228_87 111 821 648 2.36
f0673_28 114 651 439 1.26
f1330_35 105 944 770 4.61
f3492_35 112 770 751 2.72
f1408_02 73 45 899 1.59
f1014_23 96 640 487 1.47
f3391_40 116 583 493 1.9
f1676_30 110 587 108 3.91
f1223_27 103 839 363 2.26
f3673_48 114 148 503 3.35
f0519_46 116 417 1100 3.77
f1813_25 92 831 515 1.57
f0740_43 96 1098 139 4.26
f1350_18 115 875 451 4.91
f0358_32 89 632 1054 1.43
f0643_23 112 283 1183 1.34
f3949_09 113 1135 1147 2.36
f2343_83 114 579 777 3.82
f3772_10 116 1115 171 2.68
f1236_11 105 811 576 1.47
f1711_35 87 369 250 2.94
f3753_43 113 271 1193 1.65
f0135_03 91 402 727 3.15
f1640_48 115 1030 945 4.38
f0520_25 87 364 144 2.35
f3345_12 113 617 815 2.05
f2037_06 92 856 428 1.42
f3315_23 101 668 139 3.19
f2232_76 80 857 355 2.38
f1606_19 95 386 384 3.7
f2307_62 94 409 655 1.2
f2584_73 116 10 853 1.71
f3298_12 112 290 742 2.03
f3195_04 107 558 727 2.02
f3597_18 114 350 647 1.65
f0341_00 60 130 640 1.69
f3411_09 114 540 692 2.42
f2387_81 105 1035 285 3.23
f0664_26 71 1187 389 3.26
f0660_10 105 843 761 2.93
f2008_26 100 20 977 2.86
f3378_44 113 25 857 2.8
f3592_19 110 502 931 1.1
f3377_11 89 889 1138 3.81
f1615_41 88 901 202 4.05
f1968_09 110 870 58 3.78
f1874_36 112 1016 1134 3.32
f1349_00 106 762 252 2.17
f1527_46 116 286 627 1.93
f0737_49 90 872 791 1.11
f2461_99 111 363 302 2.49
f3806_01 106 130 241 4.95
f3479_08 114 1043 1152 1.03
f1547_06 111 536 482 4.03
f1350_18 115 875 451 4.91
f0639_24 87 340 884 1.24
f4077_42 110 632 174 2.05
f1234_26 78 546 772 1.73
f0067_25 70 38 110 4.83
f1455_14 109 563 732 2.82
f1249_33 100 1166 84 1.55
f3494_34 116 630 55 2.93
f2453_70 109 882 939 4.47
f0636_12 103 147 47 4.05
f2361_74 110 437 327 3.96
f1316_31 81 475 953 3.54
f3426_23 96 282 428 2.88
f1976_25 104 949 719 1.51
f0805_48 59 1143 1172 1
f1553_24 81 857 1140 3.93
f0416_07 53 648 1131 2.01
f3848_28 117 520 525 2.42
f4000_40 114 339 475 1.19
f1384_42 63 711 853 1.21
f0711_11 99 979 407 1.29
f3683_06 113 210 509 1.67
f2027_41 14 772 115 4.8
f0008_45 105 948 363 4.83
f3159_16 113 1056 35 1.89
f3257_17 105 164 167 4.84
f1808_13 85 1062 945 3.48
f3398_06 109 89 594 4.98
f3742_12 93 380 603 4.86
f1213_10 86 1160 677 2.16
f2129_55 113 330 610 1.49
f1861_26 107 1103 631 1.5
f1415_37 110 296 1028 1.95
f1389_01 97 33 1069 2.5
f2395_78 104 264 312 4.16
f1692_18 105 1139 278 2.09
f2254_72 90 441 1031 4.27
f0614_14 91 30 421 4.83
f0654_02 105 300 938 3.52
f3921_41 111 112 46 3.8
f3185_38 113 690 560 1.58
f4047_15 117 541 270 3.15
f0454_20 100 133 433 4.17
f2530_91 114 532 410 2.72
f3982_48 105 886 975 1.21
f3358_28 105 327 840 1.68
f0874_26 113 190 1083 2.89
f1113_16 88 864 261 4.33
f1783_34 67 736 712 2.3
f3637_45 109 1101 144 1.9
f2293_68 104 9 380 1.53
f4097_41 85 907 57 3.93
f1126_06 114 567 552 3.81
f1853_42 105 425 366 2.58
f1511_41 110 140 673 3.91
f3887_39 114 499 970 2.32
f2377_66 111 1035 783 1.24
f0067_25 70 38 110 4.83
f1080_00 89 271 414 2.08
f3461_23 117 137 376 1.96
f3899_30 115 394 967 2.94
f0052_42 16 657 388 3.67
f1618_39 102 449 790 1.67
f2479_65 112 1054 897 1.49
f1302_15 75 1144 417 2.62
f0162_02 100 52 305 1.39
f3702_47 109 1187 1005 4.51
f1627_25 114 675 384 3.36
f3497_42 108 745 127 4.99
f3105_03 103 354 886 1.15
f2212_74 105 1188 17 3.15
f1461_46 88 275 695 1.06
f3641_13 112 537 698 2.01
f0900_42 67 272 719 2.68
f4007_21 117 639 283 3.94
f0874_26 113 190 1083 2.89
f1824_18 104 464 439 3.36
f3955_03 112 1074 1191 3.02
f3298_12 112 290 742 2.03
f0673_28 114 651 439 1.26
f3928_39 109 548 1022 4.35
f0941_49 61 958 67 2.32
f2586_75 111 619 758 2.59
f3752_35 116 668 1158 2.59
f4071_32 103 665 1036 4.83
f1635_40 109 967 414 4.93
f2286_50 99 1006 109 3.24
f3543_29 116 1197 796 2.29
f3190_08 108 480 853 2.45
f2349_78 81 1006 1183 1.13
f2428_96 111 338 952 2.64
f2429_95 113 874 1013 1.18
f1259_08 100 961 500 3.08
f2547_96 114 231 411 4.92
f0930_07 82 747 625 1.17
f4018_10 117 870 902 4.55
f3828_24 117 486 723 4.54
f1815_44 109 990 711 2.6
f3567_49 110 83 706 4.07
f3741_12 98 422 1049 3.45
f2014_07 104 335 981 1.22
f1461_46 88 275 695 1.06
f0957_15 116 883 1047 3.46
f3565_45 97 337 715 4.68
f1981_44 83 250 1184 3.88
f0129_32 70 9 626 4.28
f3577_03 114 277 464 1.32
f3774_21 107 597 788 3.9
f3882_22 104 571 159 2.61
f0093_24 112 235 473 4.55
f1061_01 106 94 1022 2.12
f0940_45 100 954 443 4.13
f0067_25 70 38 110 4.83
f2108_54 88 125 205 2.24
f2376_57 115 222 1166 2.81
f1295_00 102 1111 794 3.53
f1436_39 103 119 534 1.2
f3138_46 114 148 855 3.56
f0850_30 112 1011 933 1.5
f3978_35 115 180 650 3.05
f1550_34 106 738 330 2.89
f0866_22 81 294 1049 2.23
f2549_82 79 1200 685 2.4
f2540_95 116 340 745 1.8
f0596_26 111 331 642 2.99
f2356_86 107 946 151 3.81
f1576_04 55 236 985 3.81
f0098_33 90 1144 1148 1.76
f3751_39 114 631 608 2.55
f0206_38 78 52 895 2.52
f1446_25 87 447 1033 3.65
f2356_86 107 946 151 3.81
f0715_08 83 980 1144 1.4
f3755_33 107 631 917 1.32
f2290_64 114 655 429 1.93
f1609_27 103 273 1115 1.45
f0129_32 70 9 626 4.28
f0789_10 103 1108 11 2.75
f1594_09 84 461 606 3.58
f4013_32 116 702 931 4.23
f1783_34 67 736 712 2.3
f1251_10 110 131 724 3.55
f2322_80 117 717 626 2.73
f2560_93 106 118 982 1.28
f1665_00 68 876 906 4.28
f3880_29 106 95 676 4.52
f0651_45 91 494 905 1.64
f1576_04 55 236 985 3.81
f1446_25 87 447 1033 3.65
f2213_72 116 1112 1027 3.99
f1472_37 105 491 131 2.6
f2181_63 112 440 1034 2.57
f1911_44 90 421 811 2.25
f3349_22 109 901 1020 1.91
f1681_44 111 1039 953 3.17
f1324_40 110 1126 155 1.77
f3295_35 105 672 603 2.62
f1165_30 68 1028 1068 4.92
f3459_46 116 507 891 4.65
f3241_49 114 1087 397 4.35
f3335_15 115 1152 923 3.79
f3537_23 92 183 445 4.49
f0476_07 60 838 186 2.77
f1099_37 85 397 1156 2.23
f3378_44 113 25 857 2.8
f2591_70 116 1120 1169 4.55
f0031_02 95 995 260 1.47
f2055_31 96 486 471 1.58
f4072_44 114 524 956 1.99
f3982_48 105 886 975 1.21
f2398_51 107 498 635 1.66
f2288_58 100 1116 222 2.22
f2117_54 95 1072 598 1.69
f3708_28 116 333 818 1.49
f3493_27 119 202 247 3.36
f2332_97 113 123 539 2.34
f0269_21 74 883 999 2.03
f1607_17 69 125 708 4.18
f2537_57 112 1060 989 1.9
f1456_41 113 414 790 1.1
f4016_16 110 168 231 2.84
f3947_36 111 800 409 2.58
f0457_13 85 1094 149 3.13
f1875_21 114 1109 944 1.16
f3410_19 112 602 396 4.43
f3844_11 107 548 501 1.95
f2483_64 108 1184 164 1.95
f2394_84 113 27 185 4.66
f3364_36 114 978 955 4.69
f2475_66 107 490 397 2.27
f2338_70 96 0 571 3.66
f0030_12 101 653 637 1.86
f2254_72 90 441 1031 4.27
f3437_17 116 735 888 1.04
f1370_48 108 226 77 1.97
f0381_28 96 199 522 4.23
f0589_20 94 384 364 2.14
f1843_09 98 333 706 3.41
f3314_25 108 35 230 2.36
f1775_42 112 672 186 1.85
f1129_22 109 271 756 1.08
f1426_27 109 742 587 2.87
f0634_01 92 1011 554 3.4
f0142_39 62 913 957 1.81
f3252_32 115 436 644 2.93
f0665_47 104 382 710 3.29
f2325_86 107 562 1184 3.84
f2472_83 92 729 606 3.82
f3396_07 113 193 1019 3.37
f0926_26 103 206 995 1.91
f1262_42 105 487 206 3.64
f3394_37 115 359 855 4.55
f1851_06 87 761 594 1.34
f1119_27 106 1114 767 3.09
f3296_35 64 789 116 2.08
f3533_31 114 18 452 4.58
f0413_09 88 393 1063 3.3
f0752_25 117 603 832 2.55
f2313_55 111 609 1171 1.47
f2480_61 93 232 848 3.73
f0990_06 71 1108 185 2.03
f0950_21 93 889 790 2.79
f1753_34 108 927 225 1.16
f0633_18 106 456 359 4.95
f3850_20 114 1187 1128 1.55
f1411_01 104 1029 354 2.43
f2553_92 87 1058 733 2.02
f3159_16 113 1056 35 1.89
f3220_48 113 24 1172 3.18
f1509_45 74 771 705 3.69
f1411_01 104 1029 354 2.43
f1197_00 98 999 442 4.04
f2390_87 99 1188 608 3.89
f4058_09 99 547 725 1.16
f3902_40 117 1107 614 4.83
f0683_02 105 113 352 2.32
f0055_09 106 373 589 3.27
f2377_66 111 1035 783 1.24

