f1634_38 98 339 110 3.39
f1800_08 104 387 316 2.03
f2190_52 114 219 323 3.23
f2529_70 108 204 140 3.23
f2547_96 114 231 411 4.92
f3431_32 116 348 315 3.59
f3688_07 107 363 178 3.59
f3929_28 80 397 144 4.44
f0452_37 78 388 446 3.82
f1067_20 83 278 230 4.87
f2502_59 104 219 127 1.16
f3126_20 114 425 255 1.65
f3537_23 92 183 445 4.49
f3598_35 116 224 185 2.29
f1913_37 110 343 458 2.3
f1622_16 107 123 361 4.31
f1853_42 105 425 366 2.58
f3718_40 114 388 186 4.31
f0653_02 98 470 284 2.74
f0749_12 105 338 457 4.89
f0911_02 99 144 386 1.27
f1657_06 84 348 174 4.94
f1795_30 109 400 403 4.89
f2220_72 104 179 416 1.03
f2225_86 72 415 392 1.7
f0968_30 87 263 442 3.1
f1186_07 96 432 356 2.19
f1284_38 86 407 410 2.19
f1381_00 97 261 452 4.62
f2466_76 106 199 282 3.12
f3962_36 111 112 250 2.56
f0622_25 108 292 376 4.13
f0209_30 87 281 246 1.48
f1080_00 89 271 414 2.08
f1403_42 108 349 358 2.31
f1412_36 112 369 183 4.62
f2012_46 105 251 372 4.93
f2287_60 112 441 376 2.54
f2461_99 111 363 302 2.49
f3156_26 117 435 228 2.19
f3596_19 105 315 354 1.75
f3672_20 114 401 477 1.18
f4029_29 114 232 209 1.76
f4043_08 52 278 150 2.94
f0607_27 84 425 342 3.55
f0642_27 75 460 320 4.73
f0694_49 71 372 161 2.02
f1397_09 114 275 410 2.16
f1819_37 99 459 426 3.75
f2108_54 88 125 205 2.24
f2593_72 105 335 258 2.84
f3322_40 116 431 149 2.84
f3476_46 110 130 302 2.16
f4016_16 110 168 231 2.84
f0829_00 80 223 168 1.43
f1789_37 110 354 380 3.15
f2230_67 94 200 397 1.42
f2420_84 117 302 293 3.15
f2455_72 111 341 259 4.47
f3230_21 116 296 339 4.11
f1001_28 105 485 259 1.65
f1788_32 95 226 241 4.02
f1962_12 114 266 181 2.18
f2238_86 105 237 351 2.87
f3723_03 115 153 297 2.75
f0410_43 93 147 313 4.9
f1319_00 83 388 308 4.9
f3302_29 114 269 160 1.71
f0956_32 110 219 258 3.35
f0981_17 111 122 346 2.74
f0989_33 96 142 263 2.52
f1016_36 62 313 294 3.14
f1054_20 93 220 401 3.41
f1669_41 105 335 275 3.57
f2309_54 81 424 252 2.52
f3654_03 113 290 310 2.74
f0552_46 79 169 290 1.26
f0568_00 103 374 397 3.89
f1062_28 112 321 349 3.89
f1848_43 104 269 479 3.46
f2084_07 104 456 173 3.46
f2518_67 111 426 303 3.89
f0093_24 112 235 473 4.55
f0115_34 104 352 332 4.08
f0920_11 94 361 241 3.5
f1162_15 85 276 210 2.25
f1332_24 104 186 155 4.08
f1462_01 105 486 324 4.56
f1595_34 105 237 219 2.8
f1959_39 87 213 463 3.56
f1283_24 98 154 150 4.97
f1754_35 104 376 499 2.6
f3697_32 114 481 441 1.03
f0272_13 94 328 450 3.43
f0365_07 76 308 181 2.12
f0499_10 98 323 296 2.43
f0876_43 99 196 141 4.12
f1596_10 88 477 368 1.62
f2193_99 114 262 433 4.81
f3243_44 117 329 327 3.36
f3493_27 119 202 247 3.36
f3661_19 115 394 208 3.88
f0017_07 109 115 391 2.74
f0354_10 53 505 322 2.46
f0454_20 100 133 433 4.17
f0505_13 89 149 453 3.13
f0547_28 114 390 107 1.41
f1653_02 107 491 222 2
f1982_16 78 169 464 2.07
f2203_77 106 217 516 2.19
f2405_90 105 325 521 2.5
f2475_66 107 490 397 2.27
f3339_15 95 203 502 4.08
f3670_40 108 437 477 2.4
f3690_41 105 143 141 4.57
f3895_38 115 97 354 3.62
f3968_18 117 449 127 3.37
f0237_46 92 304 148 3.57
f0589_20 94 384 364 2.14
f0633_18 106 456 359 4.95
f0823_19 70 343 295 4.76
f1352_27 98 386 172 2.46
f2032_22 77 284 396 3.28
f2250_52 105 256 184 2.86
f3327_11 117 109 306 2.95
f3724_32 107 216 373 2.51
f3960_19 117 360 188 4.14
f1098_11 105 252 497 4.78
f1662_01 113 434 182 4.46
f2191_53 116 354 116 1.11
f1631_40 109 176 365 1.96
f2133_68 96 350 212 4.21
f2487_92 77 460 182 2.14
f3310_44 109 284 486 3.37
f3334_16 97 219 318 1.51
f3461_23 117 137 376 1.96
f0681_47 103 465 167 1.16
f3804_08 112 452 441 3.35
f0775_24 105 438 213 2.79
f1134_40 107 434 387 2.57
f1193_46 98 381 156 3.21
f1590_15 107 329 319 2.79
f1961_34 84 267 277 1.57
f2205_74 97 211 398 1.58
f2251_74 87 283 327 1.33
f2272_85 109 176 211 4.12
f3275_40 116 414 418 4.12
f3625_17 107 453 172 1.07
f3766_48 105 324 419 3.34
f3781_28 109 437 192 2.57
f3862_40 115 321 412 2.79
f0200_38 55 219 240 2.36
f1606_19 95 386 384 3.7
f2481_58 112 153 270 1.95
f3187_33 113 281 131 1.95
f3873_37 116 423 263 2.46
f3950_44 110 502 316 2.83
f0556_25 109 155 471 2.53
f0971_24 78 442 121 3.55
f1275_19 105 351 83 3.01
f1281_28 107 420 131 1.23
f3351_27 116 104 205 2.61
f3917_03 115 343 88 3.2
f4015_05 103 125 430 1.23
f0851_41 88 176 244 3.8
f1028_20 99 160 434 1.7
f1205_25 102 426 380 1.84
f1398_48 96 454 183 2.15
f1500_25 89 132 355 4.14
f1532_16 109 489 259 3.13
f1542_30 93 229 388 4.48
f1711_35 87 369 250 2.94
f3507_42 109 344 279 2.42
f3878_43 105 458 408 1.72
f3963_34 115 406 290 2.42
f0915_03 68 515 322 4.36
f2197_62 87 381 170 4.83
f3262_45 87 478 308 1.89
f3871_42 114 211 350 3.58
f4000_40 114 339 475 1.19
f0478_10 85 157 481 2.8
f1473_30 114 193 105 1.32
f3196_35 116 187 482 1.32
f0732_46 77 227 291 4.97
f1269_14 65 278 225 4.92
f1394_16 99 186 350 4.89
f3604_21 106 428 206 4.63
f3681_31 105 397 370 2.37
f3933_30 114 196 135 2.5
f4004_35 115 369 288 2.37
f2134_58 100 426 168 4.27
f1831_15 46 350 233 1.31
f1435_38 99 141 154 3.79
f1554_25 101 106 400 4.85
f1757_24 103 297 512 1.15
f1824_18 104 464 439 3.36
f2063_00 73 518 257 4.04
f2411_88 109 295 510 3.43
f3569_18 112 234 87 3.04
f4067_23 116 168 480 3.28
f0236_17 104 293 131 2.77
f0875_02 96 446 292 2.88
f1063_36 114 160 352 2.91
f1410_19 51 253 363 2.21
f1704_29 113 130 329 2.43
f1784_17 97 269 171 3.46
f2127_59 105 351 300 3.07
f2361_74 110 437 327 3.96
f2447_93 106 201 239 2.32
f3207_05 112 128 200 2.32
f3426_23 96 282 428 2.88
f3541_02 111 287 258 3.62
f3562_47 103 219 254 2.82
f3667_35 117 211 251 2.71
f3757_19 115 468 382 2.91
f3930_25 112 390 483 2.91
f3945_00 116 228 478 4.82
f3683_06 113 210 509 1.67
f1888_11 78 301 467 2.54
f0683_02 105 113 352 2.32
f0689_06 81 148 305 3.48
f1715_20 114 326 465 1.85
f2551_80 112 469 406 4.93
f3299_12 114 186 437 1.38
f3603_14 112 453 291 2.78
f3713_40 113 299 407 4.38
f3810_05 104 497 262 3.21
f0652_30 102 78 328 3.11
f3763_41 105 319 506 3.11
f3970_25 117 498 389 3.71
f0819_13 107 267 462 4.48
f0934_12 114 253 186 4.48
f3631_34 111 426 146 2.18
f3756_06 116 144 139 4.72
f0573_31 107 194 315 2.62
f2180_96 111 104 253 2.62
f1483_44 88 318 133 4.5
f2072_32 105 453 315 4.27
f1025_22 105 252 260 2.63
f2503_57 110 381 142 4.25
f0617_30 114 159 228 2.99
f1663_13 93 159 153 4.15
f3259_15 114 245 428 2.99
f3276_49 116 167 257 2.99
f4014_43 112 284 279 2.99
f3894_37 109 459 235 4.91
f0059_21 110 347 257 2.38
f1167_31 96 239 490 2.12
f3640_13 101 363 382 2
f3767_45 109 120 393 1.33
f3944_02 86 138 199 1.1
f2162_62 99 150 168 2.4
f1112_30 114 375 85 2.26
f1100_46 41 473 257 2.26
f1956_19 106 368 466 4.49
f3291_47 90 379 510 3.41
f0656_11 84 180 376 2.11
f0675_24 96 266 356 1.96
f2595_89 112 362 106 1.69
f0535_19 105 221 95 4.39
f1988_11 95 371 487 3.56
f3795_00 104 101 247 4.83
f0036_39 92 429 259 1.74
f0039_14 87 288 225 2.05
f0286_16 80 382 367 4.8
f0565_03 99 269 357 3.87
f0584_22 96 280 192 1.19
f0609_12 115 350 256 1.01
f0706_13 97 436 356 4.92
f0827_09 109 304 300 4.22
f0843_06 113 239 355 2.05
f0936_34 92 372 334 1.26
f1154_00 65 302 109 2.2
f1179_01 96 300 236 2.56
f1344_45 69 396 351 4.99
f1443_09 103 426 312 3.72
f1671_40 100 237 436 4.67
f1932_09 87 124 272 2.56
f1979_36 87 303 183 4.65
f1994_21 103 345 446 1.08
f2010_38 115 272 459 4.66
f2546_62 106 250 106 3.74
f2548_84 112 429 442 3.84
f3224_05 104 408 338 3.29
f3331_20 114 320 406 4.22
f3520_45 116 341 285 1.79
f3677_29 113 162 392 3.39
f3806_01 106 130 241 4.95
f3969_02 114 227 333 4.74
f4001_45 115 403 243 2.89
f4085_42 103 276 251 1.13
f0658_30 101 462 359 4.74
f1543_08 106 191 460 2.93
f3861_21 117 275 87 3.42
f0520_25 87 364 144 2.35
f3519_18 90 422 429 2.35
f3184_11 113 91 341 4.63
f0040_25 106 147 392 4.76
f0202_09 97 301 211 1.01
f0734_39 105 191 262 4.84
f0756_22 93 127 376 2.09
f1072_34 84 326 337 3.4
f1089_04 93 330 101 1.07
f1149_46 60 355 242 2.59
f1158_21 112 152 401 3.02
f1237_18 87 366 365 2.61
f1336_30 112 384 281 1.12
f1362_31 103 397 471 1.24
f1441_43 97 343 344 1.95
f1454_12 96 241 221 1.65
f1464_23 85 357 399 4.73
f1484_21 89 138 275 1.15
f1623_09 78 304 371 2.06
f2026_32 111 296 165 2.06
f2242_91 114 357 484 4.65
f3152_47 114 117 285 4.61
f3257_17 105 164 167 4.84
f3407_40 110 307 422 4.04
f3577_03 114 277 464 1.32
f3666_48 103 287 372 3.73
f3761_12 105 377 336 4.88
f3905_45 105 361 490 3.86
f0297_05 105 453 135 4.3
f1702_13 111 299 165 3.26
f2493_99 108 246 100 4.64
f2395_78 104 264 312 4.16
f3370_37 114 222 221 4.16
f0588_19 113 314 379 4.19
f0848_42 49 207 261 3.32
f1039_40 107 191 352 1.25
f1111_02 114 266 211 3.52
f1385_36 91 268 368 4.6
f1451_24 83 114 366 1.73
f1698_35 105 352 458 1.92
f1752_29 115 233 468 1.92
f1816_24 70 419 296 2.35
f2159_53 112 367 343 1.46
f2434_59 102 180 286 1.33
f2476_67 114 201 386 4.01
f2482_62 108 398 174 4.68
f3123_42 116 327 374 4.69
f3135_37 117 212 235 1.46
f3350_11 96 444 371 1.82
f0563_12 64 336 525 2.58
f2580_69 109 274 98 4.62
f0861_29 88 419 467 3.76
f4070_43 100 73 268 4.52
f0897_19 45 167 436 3.05
f1229_25 80 411 396 4.34
f1374_18 113 319 473 2.22
f1458_19 109 409 414 4.2
f1608_37 108 208 307 3.77
f2102_52 108 261 143 4.7
f2243_87 98 275 282 4.34
f3601_49 110 370 316 2.22
f2000_40 112 110 243 1.81
f3750_00 114 141 416 1.81
f3785_26 97 417 156 2.26
f0123_28 97 144 462 1.69
f1958_33 86 88 353 1.69
f1337_29 78 323 73 1.43
f0880_16 103 151 132 3.54
f1175_48 98 149 468 1.1
f0517_23 92 271 178 4.41
f1019_45 96 460 422 3.97
f1573_06 70 289 370 1.2
f2062_39 89 495 303 1.85
f2397_92 109 336 209 1.48
f3217_28 114 193 301 4.75
f3837_30 113 324 295 3.25
f1761_43 100 435 456 4.42
f3109_30 112 298 527 3
f3657_40 111 353 507 4.95
f3130_44 111 190 350 3.93
f3840_05 117 531 370 4.26
f0397_27 112 512 243 4.41
f1405_35 94 463 440 4.11
f3739_34 105 218 503 1.91
f2035_49 108 154 458 3.32
f3171_30 114 410 500 2.06
f3860_20 112 298 540 1.8
f0189_49 86 422 490 2.85
f0319_32 74 126 184 2.44
f0631_03 112 495 395 2.29
f1262_42 105 487 206 3.64
f1486_35 82 177 487 1.62
f1918_04 87 404 117 1.14
f2073_06 114 111 183 2.47
f3338_15 102 484 410 1.87
f3386_27 115 474 187 1.09
f3427_21 117 525 294 4.55
f3616_07 105 255 527 1.3
f3700_25 114 96 340 4.89
f3447_20 114 515 415 3.11
f1117_18 96 206 93 3.47
f2135_53 113 77 320 1.27
f1933_13 105 156 185 4.72
f0356_41 90 357 67 3.87
f0825_23 9 86 346 3.33
f0446_03 113 470 468 2.07
f0719_05 56 369 93 4.39
f1247_15 113 99 188 1.75
f3100_44 109 462 145 1.76
f3824_05 115 268 89 1.75
f1912_13 109 531 373 2.22
f2123_63 112 375 506 3.06
f1605_44 108 479 168 2.99
f0023_08 106 496 176 4.73
f0071_21 77 473 462 1.73
f0125_02 75 503 170 4.01
f0381_28 96 199 522 4.23
f0526_22 90 280 60 4.71
f0546_38 74 507 177 1.74
f0579_26 85 63 361 1.07
f0659_24 111 537 256 4.82
f0708_14 100 463 122 4.34
f1082_22 107 102 170 2
f1273_29 104 116 448 2.82
f1818_11 96 73 242 4.27
f2067_38 45 65 370 5
f2105_51 57 142 118 2.63
f2111_87 113 452 490 3.29
f2118_60 110 421 99 2.3
f2182_95 105 520 200 1.15
f3318_25 112 288 67 1.2
f3669_35 114 515 413 4.34
f3925_41 114 148 488 1.75
f3954_30 117 79 209 3.91
f4003_07 99 172 104 4.33
f4023_00 105 167 498 3.16
f4047_15 117 541 270 3.15
f0572_15 104 338 535 3.74
f4011_12 114 532 333 2.28
f1008_28 107 526 365 4.81
f3169_14 116 83 392 4.39
f3316_22 106 235 65 1.96
f3606_19 77 122 138 2.33
f4012_13 110 270 540 4.63
f4075_12 116 239 529 1.54
f0172_40 112 450 489 4.41
f1370_48 108 226 77 1.97
f3373_36 114 198 519 3.65
f2056_40 78 210 78 3.06
f1244_09 98 316 56 1.7
f2372_55 104 182 87 4.7
f2249_75 87 227 533 2.89
f1439_27 102 80 382 4.74
f3549_47 114 82 437 3.23
f0210_17 104 58 386 1.34
f0730_41 74 236 62 1.46
f1915_00 71 87 160 2.25
f1986_20 106 48 308 1.75
f2573_61 114 327 551 1.9
f3144_39 114 232 58 4.23
f3405_07 113 543 241 1.84
f3484_17 109 346 56 1.74
f3726_09 93 546 349 2.16
f4066_22 113 200 75 1.18
f4096_14 113 318 554 1.5
f0041_30 96 395 58 1.63
f2559_95 73 490 468 3.21
f1472_37 105 491 131 2.6
f1839_31 95 121 474 4.28
f2019_34 104 434 88 3.3
f2055_31 96 486 471 1.58
f2355_85 113 550 347 3.72
f3897_45 114 85 156 4.02
f4093_35 105 505 448 3.71
f1806_29 115 435 80 2.06
f0344_25 112 70 185 3.8
f0088_22 96 428 81 4.31
f3673_48 114 148 503 3.35
f1743_33 75 342 44 1.83
f2512_54 111 499 449 4.63
f2530_91 114 532 410 2.72
f3248_19 117 47 329 3.03
f0324_42 92 259 544 4.89
f2304_67 93 143 505 3.93
f3996_02 101 545 263 4.38
f3465_24 114 447 99 4.29
f2142_69 115 545 229 4.13
f0870_31 100 545 263 4.2
f0032_27 75 497 447 2.54
f0162_02 100 52 305 1.39
f0284_34 97 263 550 1.03
f1206_36 105 466 489 1.43
f2076_31 109 69 394 2.33
f3874_15 113 552 307 2.29
f1489_03 93 47 349 4.93
f2495_59 112 51 357 4.43
f0116_23 92 524 409 1.43
f0345_23 110 108 131 1.05
f0395_15 114 513 172 1.3
f0591_27 109 299 546 2.84
f0774_40 114 92 449 3.91
f1765_33 107 535 205 3.16
f1797_27 85 303 46 2.01
f1804_32 85 197 69 2.52
f2578_68 114 449 102 3.5
f4021_01 116 529 203 2.06
f1105_31 97 67 407 4.49
f1907_22 107 44 310 2.99
f2229_88 97 508 144 2.68
f0644_19 113 518 183 2.32
f0538_03 83 469 498 2.1
f0574_03 94 51 364 2.32
f0944_27 99 312 29 2.17
f1779_01 104 481 504 1.74
f2068_36 105 390 44 1.7
f2415_79 99 385 52 4.78
f2161_58 105 47 405 2.35
f3385_08 108 285 35 4.47
f0776_08 90 354 30 4.68
f0536_45 85 544 202 2.64
f0545_49 86 540 403 2.52
f0668_31 105 403 53 2.39
f0783_27 98 462 510 1.46
f0884_29 98 552 214 4.96
f1208_33 73 366 35 3.04
f1545_40 92 41 265 4.18
f1802_35 64 572 280 3.43
f2492_72 105 485 484 4.63
f2524_58 82 82 154 3.82
f3312_28 100 231 41 1.44
f3337_21 117 541 417 2.64
f3747_12 63 563 253 2.68
f3911_34 114 133 95 3.16
f0108_12 105 116 501 3.61
f0612_11 103 223 564 4.27
f0748_15 91 567 300 3.65
f2169_69 80 299 34 1.06
f3922_38 103 345 562 3.32
f1060_13 95 164 62 2.89
f2308_56 114 530 447 2.32
f3117_11 116 366 37 3.18
f1506_35 96 506 132 1.87
f3301_38 96 227 49 4.71
f3560_17 114 115 113 2.47
f3859_23 112 49 403 1.93
f0167_33 93 198 545 3.33
f0534_00 109 511 127 4.77
f2016_39 110 233 42 4.67
f2515_57 111 275 35 1.86
f3314_25 108 35 230 2.36
f2576_66 114 191 553 3.66
f0555_35 86 485 102 4.11
f1588_11 109 228 34 2.81
f1233_46 112 445 67 3.42
f2178_93 116 97 115 1.63
f0467_18 96 363 563 3.44
f1586_22 103 283 31 4.39
f0549_39 97 36 295 4.7
f1356_29 80 39 186 1.87
f3375_30 116 62 117 1.46
f1519_36 111 386 46 3.73
f1668_08 101 510 68 4.83
f3182_40 103 397 50 1.4
f3244_38 103 471 75 4.23
f1700_36 103 9 337 3.43
f3858_25 116 48 151 3.43
f0826_18 105 224 25 3.72
f3129_16 101 16 238 3.72
f3533_31 114 18 452 4.58
f0511_03 102 61 439 3.55
f2079_27 115 522 540 4.5
f3121_43 106 318 4 4.09
f3410_19 112 602 396 4.43
f3559_23 110 587 323 4.09
f1533_23 115 450 18 3.39
f2289_62 114 120 537 3.39
f0763_30 98 73 92 1.5
f2332_97 113 123 539 2.34
f3165_11 118 387 585 2.34
f3363_42 89 484 568 1.32
f0621_33 107 150 545 2.63
f3587_27 114 49 158 2.1
f1707_05 91 59 104 4.94
f3416_28 117 102 531 1.51
f3428_02 113 9 424 4.44
f3784_14 86 28 195 3
f2509_53 109 587 166 4.48
f3367_07 114 108 49 4.48
f1630_21 112 401 598 2.48
f2013_19 95 31 222 4.97
f0595_35 100 598 398 1.61
f1847_26 100 369 4 1.61
f4008_34 103 6 240 3.47
f1735_22 104 175 579 4.39
f1294_12 99 27 120 3.7
f1547_06 111 536 482 4.03
f1616_04 114 576 478 2.43
f2113_94 116 564 440 2.42
f3630_14 105 41 163 2.96
f3848_28 117 520 525 2.42
f3984_32 111 16 151 2.43
f4092_24 99 39 132 1.62
f0347_04 116 587 235 3.83
f0840_37 108 29 133 3.14
f1081_19 94 371 5 4.41
f3515_26 94 96 45 2.63
f0011_13 103 586 275 2.41
f0075_46 99 520 526 4.01
f0213_49 72 44 180 1.13
f0421_33 88 367 611 3.09
f0539_34 110 523 112 1.71
f0577_19 105 28 210 2.67
f0684_13 79 215 9 4.27
f0751_28 105 309 11 3.93
f0778_20 100 21 217 2.98
f0869_20 78 568 424 2.47
f0976_41 73 593 314 4.18
f1079_06 66 551 128 4.99
f1245_39 81 151 540 2.26
f1257_26 92 436 545 2.82
f1335_30 91 224 575 1.33
f1353_42 101 364 592 1.75
f1357_25 84 36 210 4.04
f1436_39 103 119 534 1.2
f1503_02 81 19 399 1.75
f1517_35 62 20 388 3.6
f1556_19 29 17 287 4.58
f1885_29 111 113 69 1.38
f1947_49 103 292 582 1.71
f2145_89 87 477 70 2.16
f2168_66 97 50 462 2.46
f2222_84 103 599 353 1
f2351_74 114 496 97 4.18
f2426_87 95 81 118 1.59
f2506_77 99 34 210 2
f3114_13 102 151 19 1.71
f3380_04 111 368 611 4.01
f3473_21 113 6 274 2.56
f3586_05 108 214 28 1.61
f3834_35 116 206 15 1.71
f3857_01 110 366 582 2.57
f3975_15 115 490 73 1.98
f4028_44 109 537 452 1.19
f4032_33 108 592 268 3.93
f4073_38 114 582 290 2.35
f0503_44 96 24 266 3.84
f3211_20 109 212 9 4.06
f3782_00 114 577 448 3.77
f0166_12 96 581 362 2.76
f0450_41 111 21 320 4.25
f0532_09 116 231 23 1.59
f0557_33 97 20 363 1.23
f0636_12 103 147 47 4.05
f0720_38 101 100 517 2.74
f0792_07 111 371 570 4.03
f0871_23 95 593 190 1.23
f0923_31 107 555 458 4.37
f0995_43 97 553 136 2.88
f1031_37 105 426 50 1.55
f1050_39 105 123 522 2.69
f1070_09 99 28 203 1.41
f1348_27 64 320 18 3.15
f1367_00 92 519 92 1.79
f1395_14 88 504 42 4.29
f1419_11 60 79 506 3.74
f1420_00 83 521 128 1.36
f1476_39 60 557 158 3.86
f1505_21 91 607 289 3.55
f1560_15 114 69 85 2.74
f1561_30 103 493 529 1.58
f1580_14 85 148 67 2.9
f1620_12 88 572 372 2.53
f1688_24 106 414 40 1.88
f1856_37 96 588 210 2.86
f1954_31 114 410 17 1.27
f2086_25 105 77 134 4.06
f2109_65 104 165 36 1.26
f2137_90 87 193 560 4.39
f2177_57 69 109 518 2.93
f2199_64 80 265 576 1.02
f2235_81 112 415 26 4.37
f2265_80 103 97 492 2.08
f2293_68 104 9 380 1.53
f2328_92 104 138 554 1.21
f2402_75 116 304 615 2.68
f3106_05 115 315 605 3.74
f3266_12 111 296 1 3.34
f3348_00 107 106 505 3.58
f3352_39 113 499 95 2.12
f3701_44 112 440 547 3.29
f3818_27 113 374 582 1.42
f3844_11 107 548 501 1.95
f3866_43 99 357 10 3.18
f3948_41 101 341 600 4.37
f3958_42 114 322 14 3.41
f3964_40 102 43 502 1.42
f3977_39 115 123 517 1.32
f3988_14 103 587 355 2.03
f4031_33 114 168 38 1.12
f4086_36 105 485 89 3.9
f4094_49 94 125 59 4.81
f1068_20 57 33 138 2.97
f0320_41 113 167 25 3.43
f0528_49 105 192 575 2.7
f1204_09 110 238 579 4.25
f1218_35 85 42 480 2.71
f2148_78 113 73 106 2.97
f0232_28 58 266 615 4.59
f0791_04 102 574 425 1.16
f1466_48 93 25 154 3.34
f2129_55 113 330 610 1.49
f3274_27 117 480 85 3.32
f0807_16 87 49 153 3.27
f0067_25 70 38 110 4.83
f0904_04 92 210 581 4.3
f1124_24 114 153 11 2.26
f1768_48 99 197 585 1.13
f2345_87 113 372 613 2.2
f2394_84 113 27 185 4.66
f2558_96 96 366 21 3.62
f3161_02 111 404 612 2.08
f3882_22 104 571 159 2.61
f1659_04 107 588 351 4.75
f0127_07 107 602 243 3.19
f3833_03 81 10 402 1.37
f0005_26 73 23 382 3.03
f0259_41 101 285 610 2.59
f0321_36 108 448 576 2.7
f0735_17 109 603 259 3.84
f0844_42 76 160 580 1.1
f1189_06 85 256 621 2.47
f1296_02 80 467 30 4
f2264_82 110 328 587 3.2
f3297_22 110 389 1 4.46
f4005_01 115 479 55 1.81
f0924_33 105 628 299 2.74
f3600_46 113 591 389 4.36
f0240_02 111 567 493 2.66
f2374_59 114 555 412 4.2
f3742_12 93 380 603 4.86
f0529_06 87 229 0 3.15
f0872_30 84 473 21 3.52
f1004_07 113 615 360 4.69
f1109_36 100 591 306 4.16
f1425_23 108 542 118 4.18
f1527_46 116 286 627 1.93
f1540_20 111 63 89 1.93
f1643_46 112 161 588 2.52
f1942_21 114 264 11 4.73
f2418_82 107 491 61 4.73
f3371_34 116 28 114 4.65
f3460_47 115 507 544 4.38
f3504_46 114 163 15 4.73
f3535_09 110 332 609 2.52
f3788_14 109 82 495 2.28
f3921_41 111 112 46 3.8
f4006_12 114 577 428 4.15
f2223_83 114 482 573 3.59
f0273_27 99 583 240 2.25
f0743_31 114 7 333 2.23
f0815_12 114 112 521 4.4
f0942_17 71 23 217 4.11
f1104_24 81 20 404 2.78
f1265_03 105 331 605 4.4
f1469_25 82 115 64 4.84
f2538_60 116 0 167 1.91
f3176_15 107 91 510 4.89
f3720_15 71 606 297 4.11
f3891_31 116 402 3 4.45
f0614_14 91 30 421 4.83
f1116_09 110 260 620 4.74
f1708_22 92 25 388 3.43
f1778_11 101 310 628 1.21
f2103_60 111 478 573 3.46
f3992_46 94 265 625 1.36
f1305_42 109 567 195 2.8
f0055_09 106 373 589 3.27
f1022_17 101 180 593 3.96
f1963_27 114 507 536 3.96
f3153_49 114 133 66 3.27
f0798_05 83 580 300 3.49
f0879_35 111 530 72 2.33
f0767_25 87 423 34 3.83
f1005_12 40 84 51 2.36
f1288_23 61 221 590 1.58
f3147_41 114 154 25 3.59
f0513_18 95 551 100 4.85
f1057_34 116 11 220 3.12
f1597_45 94 620 356 3.09
f3216_33 108 458 4 4.87
f1749_23 47 126 0 3.51
f2172_67 114 187 627 1.58
f2346_88 104 631 338 4.69
f0680_28 117 504 27 4.92
f3639_43 116 537 47 4.2
f0382_03 107 122 11 2.38
f0682_48 105 126 595 2.39
f0139_23 64 167 612 3.55
f0601_32 59 515 41 1.99
f0709_40 113 13 133 1.51
f0729_08 78 556 80 1.25
f1770_47 100 579 108 3.95
f1883_03 103 611 449 2.04
f2587_73 106 623 395 4.95
f2596_86 114 629 183 2.22
f3209_08 116 179 611 1.35
f3627_46 114 489 576 3.85
f3643_29 109 614 161 2.51
f3778_23 106 596 152 3.85
f4090_35 111 476 15 2.6
f1010_11 103 604 152 2.44
f2534_96 113 619 443 1.77
f0646_22 107 238 631 3.08
f1594_09 84 461 606 3.58
f1796_21 98 483 25 2.14
f0762_20 106 221 628 2.42
f0211_26 108 648 280 1.96
f0718_13 101 449 0 2.86
f1293_37 67 644 278 4.84
f2465_75 117 332 629 3.82
f2474_84 117 255 637 3.83
f0780_06 93 149 4 3.43
f3769_10 105 198 630 3.6
f3514_20 113 144 4 2.21
f3736_09 114 598 478 4.52
f3906_44 116 107 590 4.29
f0596_26 111 331 642 2.99
f3613_20 93 119 586 4.45
f4007_21 117 639 283 3.94
f1402_17 108 613 451 4.01
f3486_00 114 464 598 4.57
f3981_38 110 240 636 4.01
f4026_43 116 474 9 3.14
f1368_03 104 376 637 1.33
f0623_37 105 414 610 4.44
f0733_34 107 298 644 2.12
f1297_30 74 293 645 3.22
f0863_41 115 12 122 2.48
f1164_21 102 88 554 3.29
f2209_79 107 581 506 3.9
f2278_93 81 68 65 4.04
f1399_06 90 86 565 2.51
f3391_40 116 583 493 1.9
f3939_49 116 368 630 4.25
f4033_05 105 18 102 1.9
f1676_30 110 587 108 3.91
f1950_08 107 537 534 3.21
f0951_29 107 598 133 4.32
f0052_42 16 657 388 3.67
f0366_08 92 170 638 4.68
f1306_03 69 538 30 4.51
f1565_04 114 618 481 4.15
f3482_33 108 141 612 2.92
f3398_06 109 89 594 4.98
f0766_01 107 566 28 1.27
f1093_13 110 335 687 4.96
f1141_12 96 546 550 1.59
f1287_40 91 75 10 1.11
f1434_10 98 530 585 2.1
f1697_45 102 8 503 1.8
f2194_63 111 273 652 2.96
f2366_64 94 569 41 4.35
f3347_47 115 24 529 2.38
f3456_33 118 544 6 4.61
f0860_21 103 161 629 2.29
f1017_30 103 191 660 2.03
f2306_63 106 678 199 1.62
f3177_03 115 663 337 2.97
f3597_18 114 350 647 1.65
f3820_39 60 202 650 1.31
f4077_42 110 632 174 2.05
f3863_30 105 314 660 4.9
f0672_28 94 57 16 1.4
f1514_35 106 95 12 4.73
f2020_16 102 679 330 4.84
f2110_56 117 593 93 3.52
f3790_48 117 650 250 1.35
f0559_18 103 609 484 1.4
f1987_47 104 13 514 1.4
f2365_62 109 556 47 4.13
f3252_32 115 436 644 2.93
f3271_09 110 606 485 1.41
f0554_17 102 116 625 2.89
f1304_45 86 307 681 3.13
f1508_14 83 574 71 1.8
f2100_97 114 217 662 1.56
f3151_13 106 576 53 1.44
f2233_79 108 663 376 2.96
f0858_32 95 643 466 1.44
f1126_06 114 567 552 3.81
f1604_07 110 521 576 1.3
f1809_16 81 590 522 1.01
f1996_12 110 540 576 3.22
f2352_97 104 570 564 3.32
f2469_50 109 36 59 3.89
f3798_08 106 30 56 4.65
f3919_18 114 118 602 4.02
f0741_44 27 665 196 1.28
f2414_89 116 666 371 2.44
f1074_34 101 610 103 1.15
f3978_35 115 180 650 3.05
f0029_05 96 591 524 2.92
f0993_30 113 604 88 3.78
f1066_29 85 41 47 4.48
f1133_00 106 417 660 4.39
f1187_49 89 174 659 3.75
f1485_22 100 637 189 3.63
f1769_04 110 58 1 2.79
f3218_23 114 81 22 4.32
f3253_11 116 274 656 1.19
f3332_19 113 688 318 4.46
f0194_30 89 657 225 3.82
f1375_23 97 633 143 4.79
f1406_38 97 594 50 3.89
f1787_36 96 66 10 3.15
f2315_59 109 66 561 4.75
f2378_69 111 281 681 2.53
f2398_51 107 498 635 1.66
f3223_18 97 114 634 3.92
f3317_25 102 157 624 4.57
f3319_48 102 320 688 4.12
f3330_43 114 272 658 1.28
f3656_42 100 296 652 4.37
f1290_49 93 267 691 3.81
f0341_00 60 130 640 1.69
f0598_49 96 603 491 4.89
f0673_28 114 651 439 1.26
f1000_45 109 487 645 1.13
f1210_47 105 565 544 2
f1574_26 114 662 418 1.22
f2247_97 91 216 650 4.52
f3288_23 116 32 42 1.22
f3580_22 116 321 687 2.3
f3719_06 112 624 520 2.8
f0203_21 111 230 650 1.57
f0276_07 99 24 577 4.19
f0728_14 106 76 19 4.96
f1045_35 54 594 526 1.28
f1627_25 114 675 384 3.36
f1664_04 106 654 265 2.09
f1814_24 87 138 618 4.16
f2544_53 105 622 449 1.62
f0242_22 90 25 35 3.22
f0611_34 98 231 683 4.32
f0837_08 51 107 629 3.08
f1014_23 96 640 487 1.47
f3279_28 115 393 668 3.56
f3926_17 115 153 665 4.92
f1393_25 109 627 459 4.95
f2290_64 114 655 429 1.93
f3284_38 103 124 644 2.53
f0537_35 96 642 471 1.17
f1036_49 95 562 589 2.45
f3632_10 113 291 684 4.5
f4036_01 114 625 130 3.29
f0842_22 96 121 604 3.3
f1198_41 111 234 685 3.69
f1599_48 92 460 620 3.3
f2255_70 116 284 675 2.66
f2307_62 94 409 655 1.2
f2310_51 98 321 650 3.95
f2543_98 111 295 661 1.39
f3451_01 92 584 34 4.39
f1494_41 113 409 674 3.47
f1899_19 61 472 643 2.47
f3901_45 69 358 662 1.2
f0170_40 97 686 306 1.88
f0180_29 85 58 30 2.07
f1495_32 50 677 190 3.76
f1585_06 112 537 12 2.43
f1600_43 105 517 4 1.59
f1775_42 112 672 186 1.85
f1864_10 105 55 5 3.68
f3953_28 109 378 664 2.43
f0106_05 99 150 663 3.38
f0527_23 108 601 116 3.49
f1525_00 103 419 671 2.66
f3246_06 108 194 675 2.56
f2514_50 114 649 204 3.36
f3841_01 116 627 516 1.64
f3985_04 114 573 573 1.22
f3245_09 106 689 291 4.75
f1526_31 104 687 245 1.61
f0068_00 84 201 716 4.63
f1169_08 114 12 576 2.46
f0972_43 78 644 543 3.19
f1738_42 110 151 689 3.85
f3226_21 99 195 687 1.04
f0758_07 102 673 96 1.12
f1308_43 99 674 85 4.83
f1235_34 104 525 662 2.3
f1511_41 110 140 673 3.91
f3157_23 106 381 735 3.09
f0234_16 110 416 691 3.71
f0571_24 75 511 653 1.02
f1345_41 105 674 494 2.34
f2139_75 82 516 647 2.27
f2165_54 100 551 612 3.26
f3278_33 96 311 719 4.8
f3478_49 114 706 418 3.7
f3572_03 110 553 603 2.13
f2566_51 114 411 699 2.46
f0655_10 90 677 173 1.99
f1202_47 65 667 104 2.32
f2160_96 112 72 622 2.19
f4046_46 105 432 680 1.82
f0540_22 90 2 592 2.99
f0560_16 90 562 5 3.76
f0585_26 110 106 651 3.17
f2412_86 110 639 28 1.72
f3264_06 114 595 564 4.21
f0325_17 80 328 713 2.35
f0455_26 70 615 564 2.86
f0523_42 102 348 699 2.34
f0615_00 113 4 6 1.07
f3285_15 114 25 6 2.03
f3315_23 101 668 139 3.19
f3842_45 94 690 476 3.97
f3879_35 113 703 201 1.57
f1578_22 69 86 639 3.37
f2126_57 101 441 694 3.25
f3474_05 110 700 319 2.83
f3544_20 105 710 276 2.17
f3680_36 116 142 698 4.47
f3808_45 106 608 51 1.52
f0696_13 115 519 674 1.51
f0901_39 103 642 519 1.19
f0975_48 105 479 656 4.25
f2080_34 66 697 289 1.17
f3260_09 111 43 635 4.97
f3282_28 105 602 43 1.53
f3418_34 99 692 142 3.53
f4024_12 110 732 283 1.51
f4038_15 114 577 20 4.38
f4082_29 109 734 288 2.45
f4095_43 114 355 695 3.2
f0335_14 117 245 705 1.5
f0665_47 104 382 710 3.29
f1097_20 105 49 635 3.73
f1136_31 103 647 552 4.24
f1322_16 58 695 358 2.04
f1478_41 109 712 297 4.03
f1977_23 55 660 98 1.44
f2338_70 96 0 571 3.66
f2575_67 87 658 77 3.05
f3219_49 115 623 17 4.24
f3258_46 111 106 671 2.44
f0357_21 95 250 719 4.23
f1075_00 112 445 717 4.75
f1378_08 99 443 704 1.19
f1934_10 85 734 331 4.23
f2041_22 101 734 221 1.71
f2413_87 114 671 486 3.41
f2424_90 105 283 737 4.65
f3502_45 115 397 726 1.47
f3531_27 105 534 665 4.65
f3574_30 113 264 709 3.74
f0932_44 88 721 356 3.8
f1343_32 76 258 720 1.85
f1450_34 114 582 615 2.59
f1886_18 101 172 720 2.75
f3181_10 97 285 737 2.24
f3402_08 115 636 74 1.14
f3734_01 113 13 29 3.69
f3740_01 102 397 712 2.18
f3880_29 106 95 676 4.52
f0110_48 104 606 49 3.85
f0135_03 91 402 727 3.15
f0456_45 105 27 15 1.62
f1535_20 98 65 631 3.79
f1716_48 64 721 245 3.73
f3699_41 104 636 506 4.66
f3213_04 116 266 718 4.46
f0426_47 51 682 482 1.64
f0899_05 97 598 578 2.32
f2104_50 115 704 282 2.29
f2143_66 111 682 194 1.23
f3434_00 116 733 208 2.78
f3770_21 105 651 526 2.23
f3780_30 113 695 489 2.62
f0042_43 74 113 655 1.31
f0900_42 67 272 719 2.68
f0962_04 110 403 684 1.55
f1301_47 112 470 699 4.73
f1794_07 85 726 291 3.19
f3511_46 108 551 619 1.52
f3838_46 116 639 31 3.18
f4053_14 91 82 630 1.56
f0481_47 87 718 208 4.69
f0760_23 82 589 635 3.51
f0810_40 84 208 714 2.46
f1160_23 71 710 205 1.84
f2478_68 84 642 531 3.02
f3494_34 116 630 55 2.93
f3565_45 97 337 715 4.68
f0750_18 100 263 735 1.98
f1843_09 98 333 706 3.41
f1865_30 89 203 710 3.7
f2280_57 106 248 720 1.03
f3320_18 111 54 609 1.37
f3662_24 116 308 694 2.07
f0329_34 115 692 413 3.75
f0619_33 99 707 296 4.95
f2268_88 117 361 730 4.07
f3111_05 116 316 730 4.67
f0207_46 110 7 6 2.28
f0239_15 97 702 399 4.73
f0781_31 108 543 648 2.5
f1258_19 86 639 566 4.11
f1461_46 88 275 695 1.06
f3125_02 105 215 719 3.31
f3287_41 105 710 162 3.28
f0964_10 67 599 584 1.64
f1550_34 106 738 330 2.89
f3227_14 116 725 416 4.8
f0725_46 100 711 360 2.7
f0129_32 70 9 626 4.28
f2173_74 110 653 552 3.01
f1790_11 99 606 6 2.5
f3298_12 112 290 742 2.03
f1333_48 105 647 564 4.47
f3663_13 110 738 340 1.11
f1274_24 110 551 665 3.41
f3751_39 114 631 608 2.55
f3366_32 115 729 419 3.73
f0686_09 109 236 742 2.2
f0786_07 70 721 463 4.64
f0216_26 72 215 745 1.11
f3293_30 105 673 552 3.39
f2373_53 96 187 731 4.06
f4050_05 90 731 161 4.2
f2568_54 113 541 682 2.7
f0303_00 108 670 43 1.1
f2448_94 115 26 654 1.67
f0650_31 92 723 457 1.02
f0836_28 110 545 691 3.55
f1251_10 110 131 724 3.55
f3815_34 113 47 671 1.33
f1058_32 113 573 660 2.36
f2510_55 111 610 623 3.94
f0500_38 101 724 162 3.33
f3480_48 116 640 598 3.28
f1144_47 95 308 744 3.86
f2571_62 107 202 759 1.1
f4079_43 90 234 759 1.37
f0510_47 103 663 31 1.97
f1413_14 101 325 759 4.38
f3509_42 99 276 744 2.99
f0567_25 87 514 690 1.58
f1115_26 111 701 110 2.14
f1607_17 69 125 708 4.18
f1826_01 101 680 67 4.85
f2244_94 106 685 522 3.07
f0892_23 95 94 721 3.45
f1129_22 109 271 756 1.08
f1161_00 68 738 132 2.95
f2364_65 95 208 743 1.29
f2540_95 116 340 745 1.8
f3467_12 109 268 751 1.63
f3529_11 113 525 700 1.45
f0627_14 80 538 703 4.3
f1027_05 110 719 139 1.83
f1088_00 83 748 295 1.64
f3411_09 114 540 692 2.42
f0146_33 81 753 412 1.92
f0506_18 98 592 648 3.53
f0722_29 107 16 653 4.84
f0731_05 111 750 297 2.97
f1870_30 111 171 743 2.92
f2130_74 114 678 545 4.33
f3163_24 116 196 740 4.75
f3647_13 105 732 452 1.54
f0666_20 113 730 158 1.36
f1201_49 107 354 754 3.14
f2154_77 103 758 278 3.92
f3185_38 113 690 560 1.58
f3886_02 106 731 484 3.78
f1055_16 95 652 17 2.23
f1147_19 85 714 85 1.04
f1889_05 113 736 218 2
f2263_79 114 712 95 4.34
f3498_04 113 510 691 3.89
f3714_05 105 686 534 4.15
f1059_15 83 362 750 3.6
f1255_13 90 677 21 3.1
f3660_26 97 709 492 3.31
f3775_12 113 466 724 4.49
f0757_24 94 567 657 1.49
f2045_15 114 720 93 3.58
f3525_29 104 273 766 1.83
f0645_45 75 257 767 3.12
f3567_49 110 83 706 4.07
f3641_13 112 537 698 2.01
f1470_34 113 765 294 4.66
f1518_07 98 743 332 4.01
f1709_03 108 44 684 1.94
f0479_35 104 285 766 3.48
f2201_80 110 165 737 2.72
f3987_13 117 714 112 3.11
f0833_32 109 752 394 2.96
f1226_13 113 697 75 3.65
f2269_89 109 760 283 2.5
f2459_55 110 740 463 4.52
f3828_24 117 486 723 4.54
f0868_03 112 88 716 4.8
f1349_00 106 762 252 2.17
f0873_42 100 204 751 3.61
f1083_27 116 554 669 4.87
f0000_14 93 301 1024 1.89
f0977_37 94 1068 471 3.25
f1815_44 109 990 711 2.6
f2505_79 96 1022 693 3.26
f2027_41 14 772 115 4.8
f1311_39 113 1187 1179 1.93
f2392_80 114 1159 1200 1.6
f3595_18 91 698 567 2.27
f0960_13 85 777 241 2.55
f1090_13 56 82 727 1.28
f0022_10 88 738 494 4.29
f1741_16 103 751 436 3.81
f2450_56 104 38 704 1.5
f3825_12 104 754 135 1.5
f0816_18 87 41 699 2.51
f3295_35 105 672 603 2.62
f0769_14 114 779 310 4.2
f2218_51 104 392 772 1.38
f0122_45 84 747 449 4.04
f3497_42 108 745 127 4.99
f3951_47 81 392 773 1.39
f2323_81 112 213 764 3.5
f1498_08 108 448 756 3.69
f2258_85 117 169 761 2.08
f1862_37 109 508 733 1.67
f3534_47 104 168 752 3.51
f0703_11 113 536 714 2.85
f0938_10 110 304 777 2.52
f0955_30 87 736 92 2.49
f0370_20 87 169 752 4.48
f1433_36 97 636 647 3.12
f0542_10 67 614 665 2.6
f0473_21 108 273 775 3.84
f3823_46 114 128 738 2.36
f3222_24 106 670 608 4.56
f1905_23 103 782 315 3.03
f3738_16 108 649 622 2.93
f2446_88 115 39 695 3.74
f0946_31 86 59 712 2.26
f0970_15 97 683 591 2.13
f2425_91 115 482 738 2.47
f3568_48 109 779 234 2.55
f3746_12 112 715 59 2.47
f1685_23 97 592 676 1.68
f0768_20 93 721 83 2.97
f3934_45 103 732 503 1.04
f0270_23 81 435 751 2.76
f0620_49 102 766 232 4.12
f2391_85 110 209 774 2.8
f0389_38 96 741 109 1.64
f0264_18 110 333 781 3.85
f1219_26 104 638 653 3.98
f2187_54 87 804 373 4.68
f0699_19 96 765 471 1.05
f2295_67 87 799 285 2.22
f0530_15 112 156 775 3.42
f0169_09 84 483 776 1.3
f1939_13 102 116 756 3.23
f1380_34 96 177 781 2.97
f3414_29 113 712 593 2.96
f2021_30 107 739 531 4.65
f4048_24 95 712 575 3.85
f1032_06 92 790 279 4.76
f1157_43 97 760 118 4.64
f3206_45 105 774 451 3.84
f3110_25 116 688 5 1.13
f3395_44 116 130 758 3.22
f1481_35 115 780 451 2.28
f1650_05 95 500 752 2.84
f0158_20 110 657 643 1.56
f3290_01 117 777 132 4.38
f3749_27 117 762 457 1.18
f4058_09 99 547 725 1.16
f1181_27 109 754 107 3.74
f1729_47 108 582 717 1.12
f3671_04 103 749 542 2.58
f3692_49 117 754 70 1.87
f3947_36 111 800 409 2.58
f0445_46 103 279 789 1.38
f0564_43 90 531 748 2.83
f1289_06 89 678 618 1.72
f1536_05 116 502 765 1.38
f1625_05 107 401 789 4.11
f2270_87 98 440 781 2.07
f3229_48 113 789 362 4.62
f1567_20 114 773 133 3.8
f3214_03 114 708 6 2.45
f3893_01 104 773 407 1.11
f0030_12 101 653 637 1.86
f1534_32 112 135 774 2.34
f3914_30 116 737 65 2.34
f0649_22 84 168 775 1.48
f0772_14 96 295 790 3.93
f0997_34 96 784 194 2.03
f1455_14 109 563 732 2.82
f3251_33 107 785 349 4.34
f3973_27 114 757 475 1
f1146_05 55 725 565 3.35
f1456_41 113 414 790 1.1
f1822_45 103 616 704 4.71
f2196_58 100 792 437 1.34
f2330_95 100 372 796 3.58
f3304_23 117 595 684 3.56
f0550_24 108 725 25 3.38
f0782_49 99 132 774 3.47
f1618_39 102 449 790 1.67
f0094_41 108 724 554 3.65
f2003_18 106 572 714 3.1
f3628_27 110 738 92 4.73
f3164_09 114 628 672 1.54
f1086_15 104 54 741 4.45
f1587_05 96 784 282 2
f1807_08 102 737 556 1.8
f1903_48 95 69 745 2
f1953_17 113 733 33 2.54
f1011_35 91 573 701 3.24
f1432_44 12 4 767 4.47
f3728_28 108 293 792 1.5
f0714_32 107 790 222 1.97
f1570_40 96 306 787 2.52
f3195_04 107 558 727 2.02
f3250_14 114 577 727 2.06
f1323_11 106 557 741 3.85
f1589_38 109 798 414 3.44
f0544_05 93 791 447 4.1
f3499_36 109 722 11 2.13
f0133_23 102 319 806 3.17
f0349_40 90 758 508 3.31
f1774_40 113 789 149 2.95
f2078_03 105 791 231 4.14
f0742_09 78 659 660 1.76
f2283_59 109 43 714 1.06
f3172_42 94 784 137 1.97
f1739_23 114 184 797 2.48
f1876_22 81 482 764 3.26
f1967_21 105 596 695 2.09
f1852_35 107 764 477 4.28
f2452_69 96 320 805 4.38
f3965_14 102 678 623 4.75
f3475_09 113 181 781 3.48
f2221_70 110 66 752 4.01
f0112_07 114 84 781 3.27
f0883_14 102 714 652 4.19
f1151_39 105 756 16 1.15
f1268_12 114 768 69 1.76
f3765_44 115 221 820 4.76
f2266_81 102 177 822 2.64
f1823_43 96 406 833 4.33
f1908_49 108 110 793 4.92
f0282_04 65 829 313 1.57
f3397_12 114 201 811 1.92
f1180_21 102 605 748 1.25
f3296_35 64 789 116 2.08
f2555_88 114 73 783 2.34
f3148_21 106 620 703 4.85
f1695_12 105 199 828 4.56
f1721_26 114 624 715 1.12
f3545_06 105 784 94 4.56
f0570_31 115 36 744 4.9
f2188_71 113 583 732 4.47
f0562_31 111 841 360 4.63
f0939_32 105 493 801 2.73
f2322_80 117 717 626 2.73
f3655_18 106 479 783 2.93
f1911_44 90 421 811 2.25
f3787_15 114 405 828 1.8
f3935_48 108 803 464 2.23
f0853_05 107 667 681 3.82
f1118_23 108 758 570 2.83
f1139_48 106 447 817 2.75
f1504_10 95 784 533 3.54
f1999_37 108 801 112 2.02
f2401_78 112 738 612 2.75
f4009_27 114 647 702 3.82
f0466_11 98 812 253 4.13
f0525_15 97 33 750 4.65
f0834_03 110 768 53 4.51
f1077_48 85 492 792 4.2
f2208_81 102 792 494 2.21
f2298_74 112 840 361 4.4
f3168_20 113 800 176 3.72
f3676_37 112 734 582 3.01
f1943_00 99 487 809 2.17
f2048_19 94 117 788 2.17
f3908_41 116 632 705 3.81
f0931_37 110 105 776 1.3
f1049_26 96 652 715 2.54
f1868_06 77 467 798 2.35
f2091_28 110 372 818 3.13
f2419_83 111 372 829 3.53
f3198_32 114 621 712 2.22
f2399_85 105 561 769 3.41
f2561_89 116 523 790 3.09
f0176_30 88 47 777 4.11
f0581_30 91 553 756 4.37
f1636_00 90 790 147 4.15
f3421_31 114 21 751 3.32
f3490_39 101 664 703 3.5
f3346_12 106 706 614 3.11
f1150_03 105 829 186 3.42
f1936_06 110 797 467 1.36
f0790_06 62 834 387 2.4
f1223_27 103 839 363 2.26
f1728_02 115 764 30 1.29
f2472_83 92 729 606 3.82
f3178_23 110 311 844 4.37
f3256_38 106 801 166 3.08
f0374_13 107 724 631 3.16
f2098_02 105 167 826 4.5
f1230_10 102 664 690 2.98
f3682_45 114 825 385 3.4
f1272_09 115 55 761 3.49
f1426_27 109 742 587 2.87
f1610_32 109 545 784 4.36
f2393_90 113 697 629 4.36
f4002_46 117 1 729 3.92
f0174_06 102 300 824 4.04
f1095_24 98 679 667 1.82
f4061_16 109 802 94 3.77
f1241_00 110 817 454 4.34
f1960_26 114 794 140 2.77
f0157_12 106 376 819 1.45
f0184_49 89 835 225 2.1
f3358_28 105 327 840 1.68
f3594_23 108 480 807 2.5
f3708_28 116 333 818 1.49
f0553_03 78 588 757 3.61
f1246_39 105 833 341 4.48
f1234_26 78 546 772 1.73
f3356_11 117 794 135 1.54
f1793_33 83 838 376 3.23
f3419_33 115 817 131 3.46
f1035_22 106 800 448 2.05
f3212_36 116 787 80 3.84
f1256_05 75 675 671 2.85
f2562_90 113 765 64 4.69
f0755_46 86 811 187 2.9
f4088_26 114 784 537 4.97
f0877_17 114 134 812 2.28
f2245_95 111 802 149 4.01
f3762_40 101 327 829 3.45
f1026_41 75 122 814 2.13
f0097_05 105 159 795 4.52
f1351_29 105 833 374 4.52
f3294_06 114 63 764 1.77
f3513_47 117 508 831 2.5
f1172_25 89 694 705 1.13
f0430_02 108 815 359 4.49
f3141_36 112 137 849 1.23
f3923_00 105 585 775 3.77
f2058_01 96 869 232 3.95
f1744_39 112 844 263 3.33
f3768_02 113 493 810 4.48
f0930_07 82 747 625 1.17
f1427_16 108 240 863 3.41
f1690_24 111 604 773 3.96
f2232_76 80 857 355 2.38
f3238_40 114 356 855 3.39
f1520_07 116 208 868 2.25
f3254_32 78 686 645 2.1
f3343_18 114 569 795 4.59
f0857_21 106 843 409 2.52
f1497_28 111 97 806 3.67
f1836_34 113 324 846 4.57
f3267_41 109 196 866 1.63
f3836_27 114 721 657 4.13
f4022_12 80 851 310 3.65
f2343_83 114 579 777 3.82
f3394_37 115 359 855 4.55
f0508_20 72 52 809 2.86
f1185_47 94 284 872 1.03
f3516_45 112 432 851 4.11
f2192_56 104 448 846 4.82
f2040_47 96 841 469 4
f1714_49 102 139 841 1.76
f2597_88 107 771 12 3.11
f3664_18 98 461 838 2.25
f1282_39 114 177 858 1.42
f1563_24 87 755 632 1.23
f2022_38 114 750 649 3.3
f2031_31 91 839 380 1.77
f3138_46 114 148 855 3.56
f3986_31 114 159 851 1.42
f0761_10 80 141 848 3.91
f0799_13 86 104 815 4.1
f0663_30 97 770 619 3.58
f0839_37 101 532 803 1.71
f3593_26 115 795 71 2.32
f0279_03 97 562 808 2.56
f1480_24 98 329 864 1.45
f1626_27 91 671 723 4.92
f3774_21 107 597 788 3.9
f1900_12 112 465 846 3.19
f2189_50 110 527 815 3.74
f0062_25 108 874 241 4.5
f0603_11 89 347 852 3.66
f1477_37 69 352 869 4.88
f0638_07 71 281 860 2.97
f1813_25 92 831 515 1.57
f2053_20 103 847 151 2.22
f2256_71 103 853 178 3.72
f2539_96 107 848 279 4.8
f1331_49 89 711 673 3.76
f1792_12 112 471 846 1.69
f2077_16 61 212 866 1.18
f3340_15 101 199 851 4.78
f3481_39 111 678 704 1.69
f0514_14 101 297 861 3.89
f3120_04 111 310 871 3.18
f3470_24 110 786 19 3.7
f4017_11 98 804 544 3.51
f1764_25 93 462 850 1.65
f2083_33 105 161 847 4.41
f3644_26 110 535 792 2.27
f3896_07 114 343 874 2.01
f0476_07 60 838 186 2.77
f1021_16 72 399 838 1.6
f1382_07 98 126 835 1.07
f2025_00 105 805 59 3.53
f2358_71 111 293 860 4.42
f3280_34 114 814 87 3.52
f3776_05 105 490 817 2.18
f1228_30 57 237 857 1.48
f2443_80 62 720 693 2.75
f3116_03 100 492 821 2.65
f3799_11 111 717 668 2.47
f1579_11 111 792 592 1.38
f1666_45 87 829 83 3.62
f1834_16 105 357 866 3.68
f2362_73 97 448 855 1.55
f3771_15 116 695 719 3.84
f0309_42 107 810 556 2.26
f1601_01 114 155 829 2.2
f0886_40 94 679 694 2.44
f3789_16 112 433 828 2.14
f1924_29 97 681 705 4.59
f2423_88 113 848 353 1.19
f2480_61 93 232 848 3.73
f4035_29 110 855 165 1.55
f0449_22 73 853 212 3.21
f2454_73 114 793 534 1.35
f3328_45 117 687 716 1.35
f2260_57 96 197 837 3.07
f2433_75 105 540 798 3.48
f3261_00 114 818 99 2.08
f0862_25 113 820 498 3.62
f1113_16 88 864 261 4.33
f0196_10 114 387 841 1.22
f3249_21 118 763 9 1.22
f3693_03 102 52 809 4.09
f1893_26 108 684 718 1.17
f0947_41 107 821 472 4.18
f1628_45 94 85 813 2.62
f1200_36 87 329 845 3.4
f2520_64 114 691 687 2.75
f0909_04 71 515 815 4.67
f2586_75 111 619 758 2.59
f1851_06 87 761 594 1.34
f2337_71 107 441 844 4.92
f2037_06 92 856 428 1.42
f0822_30 103 791 596 1.92
f1125_41 106 390 847 1.92
f3234_23 113 464 835 4.12
f2185_57 115 392 867 1.21
f3685_08 116 863 214 1.11
f3324_05 114 657 716 4.91
f1037_16 49 334 851 4.31
f3415_33 115 842 128 1.01
f3495_01 118 132 821 4.99
f3423_29 105 751 640 4.73
f1013_47 110 6 776 4.71
f1850_16 73 524 1026 1.46
f0522_38 100 652 761 1.79
f1479_40 109 391 896 2.32
f1507_20 95 644 779 2.07
f2106_66 116 832 52 4.79
f3307_33 104 862 539 4.82
f0193_48 60 641 772 1.27
f1236_11 105 811 576 1.47
f0289_10 60 901 291 1.48
f0771_13 82 816 8 2.8
f3528_35 111 193 883 2.24
f3376_29 116 11 804 2.35
f1227_38 99 831 548 2.91
f0337_24 114 115 848 3.75
f1354_22 92 302 894 3.9
f1279_31 96 128 877 2.7
f0161_16 109 898 200 2.96
f1392_44 111 206 902 4.71
f2155_59 108 381 878 3.87
f3571_20 102 894 184 2.96
f3122_40 111 544 836 4.48
f3190_08 108 480 853 2.45
f0388_26 92 734 699 3.8
f1140_23 64 547 859 4.29
f3582_25 114 898 215 3.67
f3635_09 98 685 769 3.11
f3831_41 117 173 899 2.49
f0412_26 100 455 869 1.33
f1656_24 106 176 884 2.12
f3791_09 107 142 873 4.56
f0966_44 100 370 899 2.22
f1048_31 116 911 321 2.06
f1188_01 91 410 892 3.86
f2207_75 93 878 400 2.64
f0628_05 87 649 771 4.64
f1516_46 104 847 497 2.56
f3508_31 114 299 907 2.56
f1786_08 76 614 812 4.72
f0979_22 89 776 648 1.85
f1143_43 105 805 585 1.48
f1783_34 67 736 712 2.3
f1940_28 101 892 323 2.28
f2204_78 114 858 54 1.48
f0881_03 80 871 189 2.93
f1092_01 75 907 366 3.77
f3856_34 104 739 677 4.62
f1127_01 114 882 397 1.36
f1833_03 114 401 897 1.36
f3103_38 116 394 875 2.74
f1242_30 105 65 829 1.18
f1252_21 66 895 363 2.01
f2119_56 113 123 861 2.79
f2271_86 94 482 877 1.48
f3811_12 114 878 258 3.49
f0069_14 109 25 808 3.05
f2036_29 114 389 897 2.9
f3792_21 100 506 861 2.89
f0255_48 116 887 442 2.11
f0447_21 60 735 699 4.52
f3175_03 96 885 339 1.41
f3590_03 114 109 858 4.41
f1904_33 96 845 497 2.37
f0405_20 105 81 841 1.89
f0937_01 36 812 626 4.54
f1209_31 22 668 789 4.54
f3360_00 114 413 892 1.89
f3800_17 95 607 813 1.75
f3146_14 101 868 430 1.62
f2552_82 103 332 879 3.76
f0424_27 59 890 297 3.29
f3563_46 113 884 279 1.17
f3584_47 109 906 338 1.32
f0697_31 104 636 776 1.53
f1457_23 111 874 488 2.78
f3179_39 104 239 879 2.78
f3401_42 117 688 737 2.94
f0867_28 100 865 155 2.69
f2018_05 98 877 380 3.36
f3105_03 103 354 886 1.15
f2317_76 102 432 874 3.58
f3225_26 114 864 140 4.92
f1358_13 58 907 345 3.07
f1224_16 108 773 661 2.68
f3183_15 115 455 867 2.14
f1575_36 117 274 886 1.22
f1211_04 109 531 859 1.59
f3436_22 107 865 118 1.59
f1502_33 102 213 879 2.15
f4076_42 113 894 281 3.46
f3512_31 90 774 662 2.32
f4039_48 105 344 896 4.21
f1667_29 112 14 839 1.94
f2458_53 111 36 849 1.07
f3345_12 113 617 815 2.05
f1925_00 101 871 201 2.31
f0113_31 91 531 852 2.29
f2383_60 112 574 826 1.87
f1615_41 88 901 202 4.05
f1748_30 114 373 905 3.24
f4089_12 109 390 902 3.24
f0582_44 85 528 837 2.4
f1044_04 101 813 22 3.36
f3957_18 109 885 311 1.93
f3678_17 116 804 620 4.97
f3937_40 107 49 826 4.5
f4091_23 107 887 305 4.97
f1699_42 108 886 161 3.44
f2047_48 87 852 47 3.4
f2382_52 117 402 880 3.43
f1334_00 96 791 617 2.27
f1930_02 114 897 426 3.42
f1453_47 109 447 876 4.88
f1949_20 87 797 624 1.29
f0439_08 111 871 466 3.53
f1658_04 106 411 896 4.14
f0639_24 87 340 884 1.24
f1261_39 64 848 535 3.38
f1471_42 96 104 854 1.53
f0752_25 117 603 832 2.55
f2335_52 114 341 909 2.17
f3510_43 114 748 713 4.77
f1101_38 100 772 689 4.96
f1849_46 108 535 844 1.96
f2088_14 108 67 844 4.78
f2302_58 99 867 518 2.13
f0154_34 94 492 848 1.37
f3387_42 112 328 892 1.1
f0387_49 104 729 706 4.37
f2237_82 113 431 876 3.4
f3602_12 102 706 723 3.4
f1705_41 115 881 410 3.38
f1122_02 114 908 227 2.59
f3101_07 113 731 699 2.59
f3892_07 115 540 843 2.48
f2042_30 109 861 68 4.84
f4019_00 105 445 875 4.02
f1350_18 115 875 451 4.91
f3974_03 114 752 662 4.9
f3191_43 105 188 871 3.99
f0978_05 96 861 62 1.17
f0285_23 99 202 896 4.03
f3149_41 93 200 898 4.03
f3578_27 116 948 796 1.29
f3797_07 70 10 802 1.23
f0221_37 104 369 924 1.79
f2236_83 92 37 862 3.34
f3722_39 117 225 928 3.4
f0224_06 102 911 103 3.48
f1980_17 87 825 670 2.17
f2406_72 121 814 649 2.9
f2494_73 113 875 82 4.2
f3885_04 115 944 247 1.72
f1467_22 77 866 584 4.44
f1038_35 114 920 133 3.18
f0206_38 78 52 895 2.52
f0784_30 108 818 658 3.22
f2350_98 107 906 495 2.42
f1872_07 63 786 704 1.33
f0524_04 103 894 142 4.1
f1649_03 114 941 202 3.32
f2176_64 96 297 932 2.43
f2030_28 105 76 899 1.23
f2054_13 96 927 343 4.17
f1341_45 96 127 909 2.41
f1654_46 112 925 157 1.93
f0685_40 92 854 27 3.91
f1183_38 108 172 928 3.96
f3634_16 111 901 431 2.78
f0745_35 114 577 858 1.65
f1884_05 106 532 878 3.12
f4027_34 104 751 765 2.5
f1928_20 79 221 931 1.03
f1736_04 87 916 491 4.3
f0693_40 112 910 471 2.65
f3564_08 111 877 571 4.3
f3889_26 112 782 685 1.46
f3927_00 109 367 926 3.14
f0852_40 103 938 239 2.29
f1968_09 110 870 58 3.78
f3189_40 104 606 853 4.85
f3817_22 106 931 316 1.36
f1131_00 96 402 916 2.2
f1890_28 108 557 874 2.37
f3518_46 117 874 39 1.76
f0488_39 103 802 674 1.35
f0764_08 115 323 947 3.88
f1321_40 116 611 842 2.39
f2170_68 94 917 231 4.85
f2228_87 111 821 648 2.36
f3912_15 115 743 730 3.95
f0878_21 96 674 815 4.88
f2075_09 101 925 331 3.26
f0072_36 87 712 758 2.14
f0580_29 82 45 890 4.92
f0695_31 84 504 879 1.95
f1660_07 95 923 386 2.01
f3239_36 106 811 683 3.08
f3309_37 111 358 937 1.55
f0952_49 83 619 851 2.7
f1445_31 112 871 38 3.19
f0739_42 103 369 919 4.12
f1221_17 69 776 695 4.84
f1253_43 100 881 531 4.87
f1490_31 101 580 874 2.9
f1538_15 87 918 197 3.29
f3803_39 104 261 946 3.41
f3819_19 97 873 530 2.78
f3166_12 109 278 949 4.65
f3277_09 112 838 622 2.22
f3459_46 116 507 891 4.65
f0988_45 114 428 918 3.82
f1278_22 111 93 895 2.62
f1417_14 76 86 877 1.01
f2588_72 102 352 915 3.82
f0651_45 91 494 905 1.64
f3501_06 114 916 475 4.51
f3526_34 109 865 596 2.99
f3695_42 115 510 895 1.69
f2584_73 116 10 853 1.71
f3684_46 116 517 884 4.94
f1509_45 74 771 705 3.69
f2116_72 110 714 762 3.6
f3237_27 96 918 199 4.68
f3997_45 109 940 352 1.29
f1006_19 46 856 576 4.19
f1135_17 84 409 917 2.1
f3658_27 103 874 601 1.68
f4051_49 96 863 8 2.1
f1232_34 81 889 115 4.73
f2174_61 106 889 111 2.12
f3849_21 114 917 250 3.75
f3932_35 106 871 574 4.6
f1085_29 82 882 36 2.07
f0991_47 108 934 159 3.81
f0431_36 111 932 222 3.24
f3730_33 110 361 929 3.24
f1310_44 107 319 916 1.3
f1243_07 108 648 837 4.84
f1326_12 108 851 627 3.97
f0066_37 113 632 846 4.53
f1194_03 99 698 772 4.45
f1440_10 115 464 903 4.47
f2375_61 114 548 895 4.53
f1753_34 108 927 225 1.16
f1892_07 102 735 736 2.04
f2368_50 112 51 888 4.31
f3286_40 114 769 704 2.11
f3888_32 95 881 510 3.72
f0014_19 107 807 677 2.8
f0669_11 89 878 15 2.52
f3378_44 113 25 857 2.8
f0630_16 104 863 23 1.9
f3868_35 113 615 860 2.86
f1559_25 114 555 865 4.43
f0104_43 103 915 348 2.79
f0301_33 97 130 906 2.61
f0902_17 83 615 837 2.44
f1428_25 111 162 932 2.79
f2087_13 100 928 367 2.09
f3524_43 114 304 946 2.09
f3609_24 118 908 505 2.81
f1444_03 116 919 219 2.1
f3626_35 116 447 926 2.1
f2500_50 96 117 891 3.99
f3139_09 111 864 555 3.2
f3705_48 94 481 893 4.01
f0641_22 99 852 13 3.26
f1546_05 110 749 760 2.38
f0569_42 97 874 9 1.46
f3650_20 114 741 725 1.42
f0916_49 91 805 701 4.39
f0376_05 86 319 914 3.37
f3646_15 105 161 933 2.75
f4057_40 113 196 909 2.7
f2311_61 111 307 932 3.54
f2545_52 107 928 230 3.54
f0442_00 109 38 865 1.12
f0654_02 105 300 938 3.52
f1592_44 96 919 202 3.53
f2057_23 95 731 775 1.4
f1910_05 108 706 774 4.25
f3570_15 106 896 140 4.25
f1644_01 116 380 924 3.53
f2144_67 112 817 695 2.18
f2409_51 112 973 209 2.18
f2089_25 93 399 981 4.66
f3907_43 105 919 86 2.05
f1338_02 114 896 591 4.37
f1366_49 100 952 384 2.88
f1318_17 104 530 945 2.6
f3155_15 115 891 624 2.6
f3754_42 115 586 913 4.11
f1581_39 101 651 889 2.46
f1529_23 99 889 621 3.08
f3943_12 115 680 831 2.45
f3102_36 113 759 784 1.14
f1199_24 109 724 833 2.4
f2246_93 104 928 554 4.17
f1675_40 62 155 968 1.49
f2099_21 101 10 907 3.28
f3228_48 114 978 399 4.05
f4080_22 115 154 965 2.35
f0832_40 81 494 957 1.13
f2477_69 117 218 956 4.86
f3472_19 87 198 974 1.21
f1926_49 97 127 957 3.5
f3270_11 105 820 744 4.65
f2014_07 104 335 981 1.22
f1120_05 105 400 949 1.51
f0278_07 112 793 772 3.95
f4097_41 85 907 57 3.93
f3592_19 110 502 931 1.1
f1238_43 102 642 874 1.48
f3652_48 110 769 765 1.85
f1342_17 75 310 965 3.84
f1523_03 65 5 891 3.77
f2224_82 115 948 361 2.23
f2253_73 110 783 757 4.32
f3875_35 113 571 901 2.3
f2186_55 110 536 913 2.71
f2574_64 107 389 955 1.49
f1528_18 114 977 338 3.74
f3329_30 114 955 133 1.38
f0701_21 112 733 806 3.89
f2262_83 104 345 980 3.89
f3326_06 108 947 479 3.89
f0081_26 90 954 177 3.68
f1683_30 107 11 913 1.7
f2445_82 105 970 244 3.83
f3492_35 112 770 751 2.72
f0667_05 107 977 312 2.74
f0820_47 90 35 904 2.38
f1548_21 60 948 132 2.41
f0429_13 80 965 170 2.73
f1108_14 106 974 290 3.76
f3710_43 114 957 339 1.05
f1340_02 108 101 936 1.6
f2124_66 93 455 934 2.69
f2327_90 101 40 920 3.94
f2517_63 110 535 930 4.38
f1635_40 109 967 414 4.93
f2064_33 105 810 739 3.82
f3454_44 115 908 609 3.82
f1747_44 87 467 952 4.55
f3899_30 115 394 967 2.94
f0034_08 93 949 361 2.64
f0940_45 100 954 443 4.13
f3433_10 109 655 867 3.56
f3706_37 116 874 664 3.57
f4087_40 99 968 314 2.74
f0753_05 87 668 880 3.38
f1938_21 94 258 953 3.71
f2234_78 114 506 945 1.52
f0887_39 96 968 439 4.71
f1691_07 87 72 948 3.1
f3946_04 112 11 892 3.52
f2153_90 78 864 639 1.87
f0008_45 105 948 363 4.83
f0363_43 51 124 965 3.08
f0777_12 114 249 959 1.24
f1084_48 111 945 153 2.54
f1966_31 78 760 804 3.44
f2569_58 114 567 905 2.07
f3269_06 85 959 491 1.63
f0713_17 86 942 432 2.6
f3903_05 104 158 958 3.58
f1901_07 100 605 901 2.06
f2321_84 104 244 983 2.06
f0906_29 87 593 902 3.24
f1448_42 95 909 44 3.14
f1562_13 101 211 947 1.75
f3540_36 108 158 946 1.76
f0711_11 99 979 407 1.29
f0983_14 82 850 677 3.62
f2356_86 107 946 151 3.81
f3232_11 108 955 404 3.1
f0199_01 109 931 132 2.51
f2567_60 103 598 915 3.6
f3362_03 114 956 341 3.24
f2501_53 114 973 323 3.36
f1845_02 105 593 903 3.22
f3439_44 115 284 968 4.44
f3425_47 110 966 446 3.26
f3561_09 109 515 931 3.44
f1316_31 81 475 953 3.54
f1475_14 66 959 206 1.2
f2001_42 104 624 900 4.89
f3872_39 116 523 923 4.23
f1555_23 111 287 973 1.92
f2489_89 88 945 134 4.18
f1142_44 85 619 900 3.8
f3186_24 107 314 981 2.58
f3760_06 93 7 912 3.82
f2428_96 111 338 952 2.64
f1130_48 107 140 954 2.61
f1613_27 109 473 938 3.46
f3201_07 108 581 910 4.41
f1106_01 73 934 73 1.86
f1163_43 50 927 471 4.89
f1846_45 100 832 695 3.88
f2277_92 110 12 883 4.99
f3698_01 107 567 923 4.15
f2407_74 107 280 987 5
f3971_41 111 839 722 4.28
f1408_02 73 45 899 1.59
f1216_32 109 785 736 3.38
f3231_19 106 966 328 3.42
f3355_36 115 88 920 4.85
f1838_49 96 444 939 1.76
f3967_43 90 894 564 4.83
f2094_44 92 292 981 1.06
f3607_15 96 233 954 4.15
f3998_40 105 271 968 1.65
f2002_29 90 969 181 4.97
f3649_28 117 153 958 1.39
f2488_90 104 279 969 3.13
f3665_22 110 596 889 3.87
f2581_72 117 391 958 4.12
f0917_11 87 951 371 3.85
f1576_04 55 236 985 3.81
f3170_08 111 975 384 3.01
f2090_00 86 969 235 3.9
f2451_68 105 986 255 1.42
f3372_23 111 272 981 2.99
f0676_08 107 947 139 3
f1515_36 111 598 897 3.05
f1971_12 100 198 966 3.05
f0721_31 108 995 150 1.04
f3877_11 107 1014 227 1.04
f0409_49 95 244 999 1.13
f0489_49 95 973 517 1.13
f3813_08 104 45 954 2.86
f2202_76 81 41 962 4.62
f0678_26 90 764 813 1.2
f0710_08 105 999 113 1.89
f0148_21 42 261 1017 2.77
f0458_38 109 194 1019 3.31
f0515_18 107 1001 397 3.31
f2157_61 105 731 855 3.31
f0635_33 110 982 422 3.36
f3622_43 109 978 526 2.55
f1386_19 54 485 975 4.11
f2440_79 99 948 623 1.26
f0486_05 114 119 1002 1.36
f3812_06 103 995 316 4.27
f0502_09 109 958 603 3.94
f3381_42 90 891 727 1.67
f3483_16 114 693 911 3.15
f0657_41 108 565 957 4.09
f2417_81 110 864 744 4.54
f3636_24 94 972 19 3.94
f0704_31 76 940 638 4.55
f0926_26 103 206 995 1.91
f0459_12 86 241 1027 4.91
f1138_27 91 629 944 1.19
f1513_07 73 1009 265 4.4
f2004_29 96 932 608 3.3
f1415_37 110 296 1028 1.95
f3115_25 110 925 614 2.41
f3916_23 114 223 1015 2.41
f4068_21 96 2 922 3.1
f1842_34 105 948 57 2.72
f1379_47 87 997 120 2.33
f1682_10 101 988 492 3.52
f1916_32 107 583 958 3.85
f3443_42 109 622 926 4.89
f3845_39 109 778 847 3.85
f1190_46 86 894 679 3.63
f1046_14 90 784 840 4.65
f1365_16 95 632 916 4.95
f3140_49 109 808 806 3.56
f1919_17 96 1010 229 1.53
f3521_09 99 940 37 2.61
f0394_00 96 996 501 3.92
f0700_20 102 986 110 3.76
f3236_26 105 154 990 2.1
f0187_18 109 1005 154 3.65
f1259_08 100 961 500 3.08
f2059_42 110 924 645 3.08
f2275_90 104 864 748 2.53
f0477_46 86 742 872 4.69
f1896_13 98 605 926 2.88
f3136_07 116 1002 194 4.82
f0031_02 95 995 260 1.47
f0954_02 60 1002 486 2
f0982_06 88 751 847 1.5
f1384_42 63 711 853 1.21
f1584_28 114 1019 228 1.82
f2388_79 110 967 106 3.69
f0821_44 100 942 34 3.49
f0974_14 105 52 958 2.28
f1531_34 92 1024 333 1.55
f3707_32 112 1007 223 3.77
f2526_71 108 821 808 2.23
f0171_26 116 981 148 3.84
f0606_11 101 894 653 1.21
f1720_48 113 1025 300 3.84
f1217_02 85 690 901 4.37
f3448_15 107 989 485 2.27
f3462_15 113 886 665 3.78
f2120_61 93 743 879 3.79
f1539_20 112 531 983 4.43
f2296_73 107 497 999 2.6
f1078_11 106 719 892 1.28
f2560_93 106 118 982 1.28
f1184_21 69 374 1005 3.68
f1346_08 101 853 721 3.59
f1740_04 113 924 629 4.53
f3455_32 109 978 522 2.25
f3913_01 106 969 110 2.21
f2432_94 114 441 989 4.76
f2583_71 85 337 1014 1.49
f3205_40 107 421 997 2.18
f3221_05 105 203 999 4.29
f3961_03 109 1010 443 4.76
f2259_68 105 714 900 3.42
f0504_29 107 953 33 3.06
f0736_38 83 995 365 3.82
f0516_45 114 93 969 3.39
f1442_28 92 1000 432 3.33
f1832_47 107 948 567 3.54
f2051_15 107 1015 202 1.7
f2333_98 109 932 616 2.52
f2471_82 109 848 746 3.39
f4072_44 114 524 956 1.99
f0433_14 90 469 994 3.52
f1003_41 76 870 750 3.55

