f3918_03 132 1190 718 3.22
f2406_72 121 814 649 2.9
f3493_27 119 202 247 3.36
f3333_15 119 1113 1001 3.9
f3249_21 118 763 9 1.22
f3165_11 118 387 585 2.34
f3609_24 118 908 505 2.81
f3456_33 118 544 6 4.61
f3495_01 118 132 821 4.99
f3749_27 117 762 457 1.18
f1575_36 117 274 886 1.22
f3328_45 117 687 716 1.35
f3790_48 117 650 250 1.35
f3649_28 117 153 958 1.39
f3430_38 117 82 1188 1.4
f3135_37 117 212 235 1.46
f0335_14 117 245 705 1.5
f3416_28 117 102 531 1.51
f3356_11 117 794 135 1.54
f3518_46 117 874 39 1.76
f3342_24 117 256 1014 1.86
f3692_49 117 754 70 1.87
f3461_23 117 137 376 1.96
f2258_85 117 169 761 2.08
f3156_26 117 435 228 2.19
f3552_12 117 62 1044 2.32
f1906_16 117 1168 752 2.33
f3848_28 117 520 525 2.42
f3615_49 117 46 1157 2.48
f3831_41 117 173 899 2.49
f3513_47 117 508 831 2.5
f0752_25 117 603 832 2.55
f3337_21 117 541 417 2.64
f3667_35 117 211 251 2.71
f3383_24 117 953 1132 2.72
f2322_80 117 717 626 2.73
f3527_33 117 1173 471 2.93
f3401_42 117 688 737 2.94
f3327_11 117 109 306 2.95
f1941_44 117 1162 536 2.98
f2326_83 117 1179 330 2.98
f3248_19 117 47 329 3.03
f3987_13 117 714 112 3.11
f2420_84 117 302 293 3.15
f4047_15 117 541 270 3.15
f3274_27 117 480 85 3.32
f3243_44 117 329 327 3.36
f3968_18 117 449 127 3.37
f3321_36 117 927 951 3.39
f3722_39 117 225 928 3.4
f3861_21 117 275 87 3.42
f2382_52 117 402 880 3.43
f2110_56 117 593 93 3.52
f3304_23 117 595 684 3.56
f3686_49 117 1093 296 3.67
f3970_25 117 498 389 3.71
f2303_66 117 588 1161 3.78
f2465_75 117 332 629 3.82
f2474_84 117 255 637 3.83
f3954_30 117 79 209 3.91
f4002_46 117 1 729 3.92
f4007_21 117 639 283 3.94
f3576_04 117 461 973 4.01
f2268_88 117 361 730 4.07
f2581_72 117 391 958 4.12
f3960_19 117 360 188 4.14
f3445_01 117 1198 682 4.15
f2112_65 117 1080 500 4.2
f3162_20 117 20 1054 4.26
f3840_05 117 531 370 4.26
f3379_03 117 1122 1172 4.28
f3210_22 117 953 3 4.38
f3290_01 117 777 132 4.38
f3828_24 117 486 723 4.54
f3427_21 117 525 294 4.55
f4018_10 117 870 902 4.55
f2305_60 117 1149 40 4.67
f2214_70 117 930 1115 4.69
f3902_40 117 1107 614 4.83
f2477_69 117 218 956 4.86
f3976_36 117 1177 639 4.88
f0680_28 117 504 27 4.92
f3865_26 116 1162 754 1.01
f3437_17 116 735 888 1.04
f2291_65 116 1109 689 1.09
f3942_06 116 959 922 1.1
f2191_53 116 354 116 1.11
f3685_08 116 863 214 1.11
f2470_80 116 425 1131 1.13
f3110_25 116 688 5 1.13
f2473_81 116 976 719 1.15
f3253_11 116 274 656 1.19
f3288_23 116 32 42 1.22
f1837_00 116 984 1185 1.29
f3578_27 116 948 796 1.29
f3196_35 116 187 482 1.32
f3209_08 116 179 611 1.35
f1536_05 116 502 765 1.38
f3579_30 116 983 802 1.42
f3605_17 116 1087 864 1.43
f2131_73 116 1078 1136 1.44
f3375_30 116 62 117 1.46
f3708_28 116 333 818 1.49
f0613_28 116 223 1096 1.52
f3392_06 116 587 1132 1.52
f4075_12 116 239 529 1.54
f0532_09 116 231 23 1.59
f2178_93 116 97 115 1.63
f3841_01 116 627 516 1.64
f2584_73 116 10 853 1.71
f3429_41 116 611 1195 1.71
f3834_35 116 206 15 1.71
f3608_13 116 1083 459 1.74
f3520_45 116 341 285 1.79
f2540_95 116 340 745 1.8
f3193_08 116 1151 1023 1.81
f3712_14 116 718 862 1.83
f1799_27 116 92 1086 1.88
f3391_40 116 583 493 1.9
f2538_60 116 0 167 1.91
f1527_46 116 286 627 1.93
f3389_44 116 163 1065 1.94
f2532_93 116 986 212 2.02
f1048_31 116 911 321 2.06
f4021_01 116 529 203 2.06
f3662_24 116 308 694 2.07
f1444_03 116 919 219 2.1
f3626_35 116 447 926 2.1
f0255_48 116 887 442 2.11
f2122_65 116 629 1191 2.14
f4056_41 116 814 1036 2.18
f1520_07 116 208 868 2.25
f2281_52 116 939 1058 2.29
f3543_29 116 1197 796 2.29
f3598_35 116 224 185 2.29
f3580_22 116 321 687 2.3
f2279_94 116 972 950 2.31
f3914_30 116 737 65 2.34
f3376_29 116 11 804 2.35
f1321_40 116 611 842 2.39
f2113_94 116 564 440 2.42
f2414_89 116 666 371 2.44
f3873_37 116 423 263 2.46
f3133_33 116 803 1043 2.56
f3752_35 116 668 1158 2.59
f3783_47 116 1112 466 2.6
f3351_27 116 104 205 2.61
f3404_40 116 803 1175 2.63
f2255_70 116 284 675 2.66
f2402_75 116 304 615 2.68
f3772_10 116 1115 171 2.68
f3458_26 116 1162 887 2.73
f3103_38 116 394 875 2.74
f3807_11 116 1121 36 2.74
f2179_58 116 855 1079 2.77
f3434_00 116 733 208 2.78
f3322_40 116 431 149 2.84
f3494_34 116 630 55 2.93
f3283_17 116 892 1082 2.96
f3876_02 116 987 763 2.97
f3276_49 116 167 257 2.99
f3199_08 116 912 1024 3.02
f2561_89 116 523 790 3.09
f1057_34 116 11 220 3.12
f4049_18 116 1113 190 3.12
f4026_43 116 474 9 3.14
f3117_11 116 366 37 3.18
f3838_46 116 639 31 3.18
f3395_44 116 130 758 3.22
f3480_48 116 640 598 3.28
f4067_23 116 168 480 3.28
f3441_24 116 883 1118 3.3
f2166_63 116 1131 1165 3.41
f1391_35 116 1123 1054 3.42
f3611_14 116 1056 21 3.42
f3858_25 116 48 151 3.43
f3450_19 116 1050 364 3.45
f0957_15 116 883 1047 3.46
f1644_01 116 380 924 3.53
f3706_37 116 874 664 3.57
f3431_32 116 348 315 3.59
f3522_46 116 494 1015 3.7
f0519_46 116 417 1100 3.77
f3908_41 116 632 705 3.81
f0347_04 116 587 235 3.83
f0171_26 116 981 148 3.84
f3212_36 116 787 80 3.84
f3771_15 116 695 719 3.84
f3583_09 116 987 1199 3.9
f3365_46 116 884 1005 3.93
f3491_31 116 1084 978 3.94
f2213_72 116 1112 1027 3.99
f3230_21 116 296 339 4.11
f3890_40 116 1085 1093 4.11
f3275_40 116 414 418 4.12
f3639_43 116 537 47 4.2
f3872_39 116 523 923 4.23
f4013_32 116 702 931 4.23
f3939_49 116 368 630 4.25
f3906_44 116 107 590 4.29
f3444_07 116 959 22 4.31
f4081_24 116 322 1140 4.34
f3169_14 116 83 392 4.39
f2340_80 116 1144 129 4.43
f3891_31 116 402 3 4.45
f3213_04 116 266 718 4.46
f3680_36 116 142 698 4.47
f3305_28 116 981 773 4.51
f2591_70 116 1120 1169 4.55
f3585_49 116 1190 715 4.57
f2217_71 116 937 962 4.63
f3265_08 116 1013 794 4.64
f1314_29 116 1062 1133 4.65
f3371_34 116 28 114 4.65
f3459_46 116 507 891 4.65
f3111_05 116 316 730 4.67
f3621_14 116 1178 718 4.67
f3123_42 116 327 374 4.69
f2513_56 116 462 1178 4.71
f3756_06 116 144 139 4.72
f2226_85 116 131 995 4.73
f3163_24 116 196 740 4.75
f2106_66 116 832 52 4.79
f3503_07 116 1160 462 4.79
f3227_14 116 725 416 4.8
f3136_07 116 1002 194 4.82
f3945_00 116 228 478 4.82
f3194_31 116 6 999 4.83
f1083_27 116 554 669 4.87
f3684_46 116 517 884 4.94
f3678_17 116 804 620 4.97
f0609_12 115 350 256 1.01
f3415_33 115 842 128 1.01
f3386_27 115 474 187 1.09
f3729_27 115 406 1179 1.13
f3341_29 115 427 1001 1.14
f3402_08 115 636 74 1.14
f2185_57 115 392 867 1.21
f3581_23 115 1036 34 1.25
f1728_02 115 764 30 1.29
f1712_10 115 818 1111 1.31
f3977_39 115 123 517 1.32
f3502_45 115 397 726 1.47
f0696_13 115 519 674 1.51
f2448_94 115 26 654 1.67
f3532_39 115 686 1175 1.67
f2341_65 115 1077 1187 1.68
f3695_42 115 510 895 1.69
f3885_04 115 944 247 1.72
f2164_60 115 798 785 1.73
f3824_05 115 268 89 1.75
f3764_37 115 590 1052 1.8
f4005_01 115 479 55 1.81
f1752_29 115 233 468 1.92
f2577_65 115 667 1178 1.94
f3975_15 115 490 73 1.98
f0864_41 115 1027 671 2.06
f1806_29 115 435 80 2.06
f3183_15 115 455 867 2.14
f3717_48 115 1158 1009 2.15
f2224_82 115 948 361 2.23
f1481_35 115 780 451 2.28
f2104_50 115 704 282 2.29
f3593_26 115 795 71 2.32
f4080_22 115 154 965 2.35
f4004_35 115 369 288 2.37
f3347_47 115 24 529 2.38
f3589_24 115 566 1172 2.39
f3289_18 115 707 1038 2.42
f3963_34 115 406 290 2.42
f3943_12 115 680 831 2.45
f2425_91 115 482 738 2.47
f0863_41 115 12 122 2.48
f3892_07 115 540 843 2.48
f3155_15 115 891 624 2.6
f3883_18 115 937 872 2.66
f0343_35 115 619 1062 2.69
f3723_03 115 153 297 2.75
f3862_40 115 321 412 2.79
f2376_57 115 222 1166 2.81
f0890_35 115 1145 406 2.89
f4001_45 115 403 243 2.89
f3757_19 115 468 382 2.91
f3252_32 115 436 644 2.93
f3899_30 115 394 967 2.94
f3108_34 115 694 1161 2.95
f3177_03 115 663 337 2.97
f3505_39 115 1001 742 2.98
f4062_17 115 1047 816 3.03
f3420_27 115 792 1046 3.05
f3978_35 115 180 650 3.05
f3137_47 115 374 1064 3.06
f2497_54 115 734 1036 3.13
f3716_43 115 105 1110 3.14
f3917_03 115 343 88 3.2
f3143_04 115 924 642 3.21
f3814_43 115 980 819 3.29
f1722_43 115 812 803 3.3
f1583_41 115 613 1014 3.37
f1705_41 115 881 410 3.38
f1533_23 115 450 18 3.39
f3419_33 115 817 131 3.46
f1272_09 115 55 761 3.49
f3279_28 115 393 668 3.56
f3895_38 115 97 354 3.62
f0124_11 115 1190 258 3.64
f3366_32 115 729 419 3.73
f2446_88 115 39 695 3.74
f3106_05 115 315 605 3.74
f0329_34 115 692 413 3.75
f3335_15 115 1152 923 3.79
f3454_44 115 908 609 3.82
f0764_08 115 323 947 3.88
f3661_19 115 394 208 3.88
f1114_07 115 755 1177 3.92
f3118_09 115 659 1035 3.92
f3912_15 115 743 730 3.95
f1645_35 115 974 1181 4.07
f3754_42 115 586 913 4.11
f2142_69 115 545 229 4.13
f3219_49 115 623 17 4.24
f1640_48 115 1030 945 4.38
f3460_47 115 507 544 4.38
f3439_44 115 284 968 4.44
f1440_10 115 464 903 4.47
f2079_27 115 522 540 4.5
f4041_39 115 1097 283 4.54
f3394_37 115 359 855 4.55
f3668_33 115 1080 50 4.58
f0037_16 115 1151 458 4.63
f2010_38 115 272 459 4.66
f3765_44 115 221 820 4.76
f2594_90 115 823 792 4.8
f3355_36 115 88 920 4.85
f3354_29 115 399 1021 4.87
f0570_31 115 36 744 4.9
f1350_18 115 875 451 4.91
f3926_17 115 153 665 4.92
f3779_49 115 1125 148 4.95
f3733_48 115 1146 826 4.99
f3973_27 114 757 475 1
f3150_21 114 839 1086 1.02
f3479_08 114 1043 1152 1.03
f3697_32 114 481 441 1.03
f3710_43 114 957 339 1.05
f3438_08 114 1022 1061 1.06
f3633_29 114 977 917 1.09
f1721_26 114 624 715 1.12
f4031_33 114 168 38 1.12
f1724_42 114 744 975 1.13
f1875_21 114 1109 944 1.16
f3672_20 114 401 477 1.18
f2147_79 114 1178 724 1.19
f3215_34 114 1012 1084 1.19
f3777_32 114 1109 255 1.19
f4000_40 114 339 475 1.19
f0196_10 114 387 841 1.22
f1574_26 114 662 418 1.22
f3985_04 114 573 573 1.22
f3773_14 114 1190 614 1.23
f0777_12 114 249 959 1.24
f3300_25 114 317 1035 1.24
f0512_15 114 882 1169 1.25
f0673_28 114 651 439 1.26
f1954_31 114 410 17 1.27
f3330_43 114 272 658 1.28
f0395_15 114 513 172 1.3
f1091_00 114 604 1132 1.3
f1473_30 114 193 105 1.32
f3577_03 114 277 464 1.32
f1123_09 114 51 1107 1.33
f2454_73 114 793 534 1.35
f0486_05 114 119 1002 1.36
f1127_01 114 882 397 1.36
f1833_03 114 401 897 1.36
f3299_12 114 186 437 1.38
f3329_30 114 955 133 1.38
f0547_28 114 390 107 1.41
f1282_39 114 177 858 1.42
f3650_20 114 741 725 1.42
f3986_31 114 159 851 1.42
f2204_78 114 858 54 1.48
f2234_78 114 506 945 1.52
f4025_17 114 160 1171 1.52
f3164_09 114 628 672 1.54
f3850_20 114 1187 1128 1.55
f2100_97 114 217 662 1.56
f2172_67 114 187 627 1.58
f4020_15 114 919 934 1.58
f0360_15 114 1034 675 1.59
f2392_80 114 1159 1200 1.6
f0241_46 114 1038 343 1.63
f3400_08 114 1017 465 1.63
f3843_30 114 212 1124 1.63
f0745_35 114 577 858 1.65
f1212_39 114 778 1089 1.65
f3126_20 114 425 255 1.65
f3597_18 114 350 647 1.65
f3302_29 114 269 160 1.71
f2541_99 114 1038 953 1.72
f3925_41 114 148 488 1.75
f1268_12 114 768 69 1.76
f4029_29 114 232 209 1.76
f3294_06 114 63 764 1.77
f3787_15 114 405 828 1.8
f3750_00 114 141 416 1.81
f1584_28 114 1019 228 1.82
f1715_20 114 326 465 1.85
f3360_00 114 413 892 1.89
f2573_61 114 327 551 1.9
f3397_12 114 201 811 1.92
f2290_64 114 655 429 1.93
f0119_44 114 995 1195 1.96
f3674_32 114 1060 1061 1.98
f3990_02 114 1122 232 1.98
f4072_44 114 524 956 1.99
f3896_07 114 343 874 2.01
f3285_15 114 25 6 2.03
f3468_13 114 213 1115 2.05
f3171_30 114 410 500 2.06
f3250_14 114 577 727 2.06
f2569_58 114 567 905 2.07
f2430_92 114 1040 231 2.08
f3261_00 114 818 99 2.08
f3524_43 114 304 946 2.09
f3869_23 114 97 1176 2.09
f3587_27 114 49 158 2.1
f3286_40 114 769 704 2.11
f3446_10 114 1122 638 2.11
f1397_09 114 275 410 2.16
f2335_52 114 341 909 2.17
f1962_12 114 266 181 2.18
f1601_01 114 155 829 2.2
f3548_40 114 1099 716 2.21
f2596_86 114 629 183 2.22
f3198_32 114 621 712 2.22
f0743_31 114 7 333 2.23
f2071_28 114 868 991 2.25
f3453_15 114 679 1102 2.25
f1112_30 114 375 85 2.26
f1124_24 114 153 11 2.26
f3832_04 114 888 1199 2.26
f0461_47 114 700 1091 2.27
f0877_17 114 134 812 2.28
f4011_12 114 532 333 2.28
f2511_52 114 845 880 2.3
f2308_56 114 530 447 2.32
f3887_39 114 499 970 2.32
f2555_88 114 73 783 2.34
f4073_38 114 582 290 2.35
f3823_46 114 128 738 2.36
f3916_23 114 223 1015 2.41
f3411_09 114 540 692 2.42
f1616_04 114 576 478 2.43
f3466_22 114 79 1066 2.43
f3214_03 114 708 6 2.45
f1169_08 114 12 576 2.46
f2566_51 114 411 699 2.46
f2073_06 114 111 183 2.47
f3560_17 114 115 113 2.47
f1739_23 114 184 797 2.48
f3588_33 114 968 1141 2.49
f3933_30 114 196 135 2.5
f3382_25 114 1159 633 2.52
f0894_09 114 1077 691 2.54
f3751_39 114 631 608 2.55
f3508_31 114 299 907 2.56
f1122_02 114 908 227 2.59
f1450_34 114 582 615 2.59
f3993_05 114 1059 236 2.59
f3610_45 114 607 1067 2.63
f3614_06 114 332 1112 2.63
f2530_91 114 532 410 2.72
f1560_15 114 69 85 2.74
f2520_64 114 691 687 2.75
f1960_26 114 794 140 2.77
f3555_14 114 1065 700 2.81
f2036_29 114 389 897 2.9
f1063_36 114 160 352 2.91
f0617_30 114 159 228 2.99
f3259_15 114 245 428 2.99
f3361_17 114 1108 801 2.99
f0144_05 114 1064 385 3.02
f1855_37 114 1020 56 3.06
f1510_28 114 1138 826 3.08
f3822_47 114 1077 140 3.08
f3447_20 114 515 415 3.11
f3847_24 114 262 999 3.11
f2052_11 114 1171 101 3.12
f3483_16 114 693 911 3.15
f3911_34 114 133 95 3.16
f4099_10 114 1060 1123 3.16
f1038_35 114 920 133 3.18
f4095_43 114 355 695 3.2
f3449_11 114 989 1056 3.22
f2190_52 114 219 323 3.23
f3549_47 114 82 437 3.23
f4045_31 114 167 1001 3.23
f1748_30 114 373 905 3.24
f3362_03 114 956 341 3.24
f3816_24 114 733 1134 3.24
f0112_07 114 84 781 3.27
f3153_49 114 133 66 3.27
f4036_01 114 625 130 3.29
f2022_38 114 750 649 3.3
f1649_03 114 941 202 3.32
f3421_31 114 21 751 3.32
f3673_48 114 148 503 3.35
f1627_25 114 675 384 3.36
f2501_53 114 973 323 3.36
f2514_50 114 649 204 3.36
f3546_36 114 1138 694 3.36
f0516_45 114 93 969 3.39
f0925_21 114 1181 969 3.39
f2011_41 114 1088 21 3.39
f2289_62 114 120 537 3.39
f3238_40 114 356 855 3.39
f3682_45 114 825 385 3.4
f3801_00 114 959 688 3.4
f2413_87 114 671 486 3.41
f3958_42 114 322 14 3.41
f1930_02 114 897 426 3.42
f0967_29 114 777 1200 3.43
f1170_00 114 1178 1075 3.44
f2467_77 114 1060 815 3.45
f2457_97 114 759 984 3.46
f3811_12 114 878 258 3.49
f1629_49 114 499 1029 3.5
f2578_68 114 449 102 3.5
f0586_11 114 1165 288 3.52
f1111_02 114 266 211 3.52
f2183_59 114 2 1000 3.52
f2353_70 114 372 1136 3.52
f3280_34 114 814 87 3.52
f2527_72 114 1155 101 3.53
f1742_04 114 1111 148 3.55
f3138_46 114 148 855 3.56
f2045_15 114 720 93 3.58
f3871_42 114 211 350 3.58
f2223_83 114 482 573 3.59
f3147_41 114 154 25 3.59
f2339_76 114 304 1099 3.62
f3247_40 114 928 850 3.63
f1706_39 114 838 976 3.65
f3373_36 114 198 519 3.65
f3936_41 114 1074 282 3.65
f2576_66 114 191 553 3.66
f3582_25 114 898 215 3.67
f3478_49 114 706 418 3.7
f3390_07 114 420 1061 3.71
f1528_18 114 977 338 3.74
f0337_24 114 115 848 3.75
f3369_37 114 262 1137 3.75
f3849_21 114 917 250 3.75
f3539_44 114 783 1102 3.77
f3782_00 114 577 448 3.77
f1567_20 114 773 133 3.8
f3128_15 114 1106 1123 3.8
f0629_39 114 334 1037 3.81
f1126_06 114 567 552 3.81
f3406_49 114 740 1151 3.81
f0988_45 114 428 918 3.82
f1732_28 114 1011 538 3.82
f2343_83 114 579 777 3.82
f4009_27 114 647 702 3.82
f1873_22 114 94 1031 3.83
f3325_08 114 703 1041 3.83
f3627_46 114 489 576 3.85
f3145_38 114 1087 131 3.9
f0774_40 114 92 449 3.91
f1963_27 114 507 536 3.96
f2476_67 114 201 386 4.01
f3897_45 114 85 156 4.02
f3919_18 114 118 602 4.02
f3612_13 114 1012 610 4.04
f3228_48 114 978 399 4.05
f0935_28 114 1176 1157 4.06
f3836_27 114 721 657 4.13
f1565_04 114 618 481 4.15
f4006_12 114 577 428 4.15
f0845_22 114 1076 656 4.16
f3370_37 114 222 221 4.16
f2351_74 114 496 97 4.18
f0769_14 114 779 310 4.2
f2374_59 114 555 412 4.2
f3264_06 114 595 564 4.21
f3331_20 114 320 406 4.22
f3144_39 114 232 58 4.23
f3898_28 114 544 1175 4.25
f2336_99 114 805 1165 4.29
f3465_24 114 447 99 4.29
f3718_40 114 388 186 4.31
f3218_23 114 81 22 4.32
f2130_74 114 678 545 4.33
f2263_79 114 712 95 4.34
f3142_38 114 690 915 4.34
f3669_35 114 515 413 4.34
f3241_49 114 1087 397 4.35
f1338_02 114 896 591 4.37
f4038_15 114 577 20 4.38
f0815_12 114 112 521 4.4
f3590_03 114 109 858 4.41
f2198_58 114 1058 676 4.42
f1559_25 114 555 865 4.43
f0934_12 114 253 186 4.48
f3127_16 114 1186 134 4.48
f3367_07 114 108 49 4.48
f3263_08 114 1080 1098 4.49
f1917_19 114 744 1150 4.51
f3501_06 114 916 475 4.51
f3736_09 114 598 478 4.52
f2375_61 114 548 895 4.53
f3486_00 114 464 598 4.57
f3533_31 114 18 452 4.58
f3343_18 114 569 795 4.59
f3152_47 114 117 285 4.61
f2242_91 114 357 484 4.65
f0102_31 114 748 1016 4.66
f0795_37 114 1192 1046 4.67
f3197_34 114 678 879 4.69
f3364_36 114 978 955 4.69
f2536_59 114 1177 304 4.71
f3124_21 114 1102 663 4.71
f3721_04 114 1062 1188 4.71
f1942_21 114 264 11 4.73
f3504_46 114 163 15 4.73
f3969_02 114 227 333 4.74
f2273_84 114 894 711 4.75
f3217_28 114 193 301 4.75
f2432_94 114 441 989 4.76
f3510_43 114 748 713 4.77
f2193_99 114 262 433 4.81
f3303_31 114 1015 534 4.83
f3700_25 114 96 340 4.89
f3974_03 114 752 662 4.9
f3324_05 114 657 716 4.91
f2547_96 114 231 411 4.92
f3225_26 114 864 140 4.92
f4088_26 114 784 537 4.97
f2570_52 114 585 1025 4.99
f1750_06 113 970 1064 1.02
f3132_12 113 1082 512 1.02
f0615_00 113 4 6 1.07
f3991_38 113 1144 400 1.08
f1456_41 113 414 790 1.1
f2369_56 113 153 1177 1.11
f3102_36 113 759 784 1.14
f3563_46 113 884 279 1.17
f2429_95 113 874 1013 1.18
f4066_22 113 200 75 1.18
f2423_88 113 848 353 1.19
f2135_53 113 77 320 1.27
f3815_34 113 47 671 1.33
f3732_30 113 1016 77 1.35
f0666_20 113 730 158 1.36
f3864_42 113 994 1180 1.36
f3818_27 113 374 582 1.42
f3529_11 113 525 700 1.45
f2129_55 113 330 610 1.49
f4096_14 113 318 554 1.5
f0226_08 113 1037 1079 1.51
f0709_40 113 13 133 1.51
f2579_76 113 328 1135 1.52
f3805_07 113 599 1073 1.52
f3203_10 113 1181 1062 1.54
f3879_35 113 703 201 1.57
f3185_38 113 690 560 1.58
f3758_19 113 1094 1027 1.61
f3753_43 113 271 1193 1.65
f3683_06 113 210 509 1.67
f1155_22 113 447 1172 1.68
f1247_15 113 99 188 1.75
f2485_77 113 181 1195 1.76
f2534_96 113 619 443 1.77
f3405_07 113 543 241 1.84
f0383_43 113 1154 813 1.87
f3159_16 113 1056 35 1.89
f1311_39 113 1187 1179 1.93
f3187_33 113 281 131 1.95
f3809_17 113 1086 1058 1.98
f1889_05 113 736 218 2
f3192_37 113 1010 1069 2.02
f0843_06 113 239 355 2.05
f3345_12 113 617 815 2.05
f0446_03 113 470 468 2.07
f1820_17 113 1040 1145 2.07
f3352_39 113 499 95 2.12
f2345_87 113 372 613 2.2
f3514_20 113 144 4 2.21
f1374_18 113 319 473 2.22
f3874_15 113 552 307 2.29
f3875_35 113 571 901 2.3
f0644_19 113 518 183 2.32
f2332_97 113 123 539 2.34
f0420_19 113 930 921 2.36
f1058_32 113 573 660 2.36
f3949_09 113 1135 1147 2.36
f0605_00 113 391 1052 2.4
f1704_29 113 130 329 2.43
f1053_00 113 1022 823 2.46
f1953_17 113 733 33 2.54
f2522_61 113 281 1091 2.55
f0671_18 113 1190 80 2.56
f3473_21 113 6 274 2.56
f3101_07 113 731 699 2.59
f3780_30 113 695 489 2.62
f2092_41 113 967 1 2.64
f2184_98 113 837 946 2.7
f2568_54 113 541 682 2.7
f4057_40 113 196 909 2.7
f3654_03 113 290 310 2.74
f2119_56 113 123 861 2.79
f3378_44 113 25 857 2.8
f0703_11 113 536 714 2.85
f3868_35 113 615 860 2.86
f0874_26 113 190 1083 2.89
f1774_40 113 789 149 2.95
f3414_29 113 712 593 2.96
f3744_12 113 507 1135 2.96
f2148_78 113 73 106 2.97
f4084_14 113 1049 467 3.16
f3220_48 113 24 1172 3.18
f3837_30 113 324 295 3.25
f2111_87 113 452 490 3.29
f3396_07 113 193 1019 3.37
f3677_29 113 162 392 3.39
f2237_82 113 431 876 3.4
f3440_33 113 825 1143 3.41
f0320_41 113 167 25 3.43
f1647_28 113 315 1074 3.43
f3709_31 113 1007 771 3.44
f4076_42 113 894 281 3.46
f1494_41 113 409 674 3.47
f3475_09 113 181 781 3.48
f3648_17 113 220 1151 3.55
f0862_25 113 820 498 3.62
f1226_13 113 697 75 3.65
f3734_01 113 13 29 3.69
f2355_85 113 550 347 3.72
f3168_20 113 800 176 3.72
f0208_05 113 1177 938 3.73
f3574_30 113 264 709 3.74
f0185_23 113 386 1199 3.78
f0993_30 113 604 88 3.78
f3462_15 113 886 665 3.78
f0281_47 113 614 1026 3.81
f1720_48 113 1025 300 3.84
f3498_04 113 510 691 3.89
f3477_45 113 1067 573 4.04
f3234_23 113 464 835 4.12
f4065_47 113 1072 737 4.13
f4040_28 113 1077 886 4.14
f0588_19 113 314 379 4.19
f2494_73 113 875 82 4.2
f1369_36 113 656 909 4.23
f2354_87 113 1055 734 4.28
f2393_90 113 697 629 4.36
f3600_46 113 591 389 4.36
f3713_40 113 299 407 4.38
f1945_00 113 941 951 4.4
f4034_28 113 292 1056 4.4
f3428_02 113 9 424 4.44
f1662_01 113 434 182 4.46
f3332_19 113 688 318 4.46
f3638_42 113 98 1092 4.46
f2188_71 113 583 732 4.47
f3768_02 113 493 810 4.48
f3775_12 113 466 724 4.49
f3632_10 113 291 684 4.5
f0355_32 113 1081 442 4.51
f0066_37 113 632 846 4.53
f1740_04 113 924 629 4.53
f1836_34 113 324 846 4.57
f1313_04 113 913 838 4.59
f3229_48 113 789 362 4.62
f3184_11 113 91 341 4.63
f1470_34 113 765 294 4.66
f2394_84 113 27 185 4.66
f0922_02 113 246 1191 4.67
f1004_07 113 615 360 4.69
f2562_90 113 765 64 4.69
f2294_71 113 1140 0 4.71
f0254_46 113 316 1099 4.76
f1812_15 113 519 999 4.79
f3618_26 113 356 1129 4.79
f0765_33 113 138 1018 4.8
f3134_27 113 1145 986 4.8
f3675_24 113 1119 1146 4.93
f2292_70 112 1130 390 1.03
f3387_42 112 328 892 1.1
f1336_30 112 384 281 1.12
f0759_41 112 885 944 1.16
f3318_25 112 288 67 1.2
f1225_06 112 635 1154 1.21
f3141_36 112 137 849 1.23
f0643_23 112 283 1183 1.34
f2159_53 112 367 343 1.46
f3889_26 112 782 685 1.46
f2479_65 112 1054 897 1.49
f0850_30 112 1011 933 1.5
f1422_18 112 939 708 1.55
f1762_28 112 867 767 1.56
f1792_12 112 471 846 1.69
f2595_89 112 362 106 1.69
f4037_48 112 674 1079 1.74
f3158_03 112 123 1182 1.77
f3860_20 112 298 540 1.8
f2000_40 112 110 243 1.81
f1775_42 112 672 186 1.85
f2383_60 112 574 826 1.87
f2557_98 112 883 1037 1.89
f2537_57 112 1060 989 1.9
f1651_06 112 1016 451 1.91
f1654_46 112 925 157 1.93
f3859_23 112 49 403 1.93
f1667_29 112 14 839 1.94
f2481_58 112 153 270 1.95
f1007_22 112 258 1141 2.01
f1447_28 112 1200 768 2.01
f3641_13 112 537 698 2.01
f1582_49 112 831 902 2.03
f3298_12 112 290 742 2.03
f1544_46 112 903 723 2.05
f3200_41 112 816 871 2.05
f4055_44 112 1145 679 2.08
f2156_56 112 945 950 2.12
f2240_80 112 683 1161 2.13
f3281_27 112 879 1061 2.13
f3789_16 112 433 828 2.14
f2144_67 112 817 695 2.18
f2409_51 112 973 209 2.18
f2160_96 112 72 622 2.19
f3277_09 112 838 622 2.22
f0631_03 112 495 395 2.29
f3207_05 112 128 200 2.32
f1534_32 112 135 774 2.34
f1551_34 112 969 1113 2.39
f1585_06 112 537 12 2.43
f3746_12 112 715 59 2.47
f1630_21 112 401 598 2.48
f1643_46 112 161 588 2.52
f2301_65 112 826 1089 2.52
f2287_60 112 441 376 2.54
f2181_63 112 440 1034 2.57
f0693_40 112 910 471 2.65
f3492_35 112 770 751 2.72
f2401_78 112 738 612 2.75
f3603_14 112 453 291 2.78
f3719_06 112 624 520 2.8
f2210_96 112 1174 506 2.81
f3989_21 112 1079 903 2.86
f3930_25 112 390 483 2.91
f2462_98 112 1121 221 2.95
f4014_43 112 284 279 2.99
f3109_30 112 298 527 3
f3500_08 112 1130 1020 3
f3676_37 112 734 582 3.01
f1158_21 112 152 401 3.02
f3955_03 112 1074 1191 3.02
f3569_18 112 234 87 3.04
f2123_63 112 375 506 3.06
f1445_31 112 871 38 3.19
f1900_12 112 465 846 3.19
f0604_11 112 429 1052 3.22
f3701_44 112 440 547 3.29
f1874_36 112 1016 1134 3.32
f1744_39 112 844 263 3.33
f3804_08 112 452 441 3.35
f0530_15 112 156 775 3.42
f1233_46 112 445 67 3.42
f2323_81 112 213 764 3.5
f3946_04 112 11 892 3.52
f0460_02 112 1068 166 3.6
f0953_15 112 995 135 3.62
f3924_24 112 1153 298 3.62
f1951_19 112 674 1138 3.69
f2284_51 112 1054 497 3.7
f2216_66 112 992 1030 3.75
f3707_32 112 1007 223 3.77
f0344_25 112 70 185 3.8
f2548_84 112 429 442 3.84
f0961_08 112 830 885 3.88
f0701_21 112 733 806 3.89
f1062_28 112 321 349 3.89
f0278_07 112 793 772 3.95
f3374_38 112 1101 1168 3.95
f0243_29 112 785 922 4.09
f3516_45 112 432 851 4.11
f2370_67 112 1168 784 4.12
f2368_50 112 51 888 4.31
f0509_28 112 803 1110 4.34
f2235_81 112 415 26 4.37
f2496_56 112 1029 522 4.39
f2298_74 112 840 361 4.4
f0172_40 112 450 489 4.41
f0397_27 112 512 243 4.41
f0726_09 112 732 865 4.42
f1539_20 112 531 983 4.43
f2495_59 112 51 357 4.43
f3410_19 112 602 396 4.43
f0093_24 112 235 473 4.55
f3651_18 112 1134 112 4.55
f1921_33 112 506 1168 4.58
f1412_36 112 369 183 4.62
f1895_37 112 1040 95 4.62
f3488_35 112 1004 1043 4.67
f1301_47 112 470 699 4.73
f1075_00 112 445 717 4.75
f0868_03 112 88 716 4.8
f0803_40 112 929 1006 4.81
f3679_06 112 1043 655 4.88
f2551_80 112 469 406 4.93
f2498_75 112 753 1076 5
f2458_53 111 36 849 1.07
f1024_46 111 218 1200 1.21
f2143_66 111 682 194 1.23
f2377_66 111 1035 783 1.24
f3320_18 111 54 609 1.37
f1579_11 111 792 592 1.38
f1885_29 111 113 69 1.38
f2543_98 111 295 661 1.39
f2313_55 111 609 1171 1.47
f3835_39 111 797 821 1.52
f3979_36 111 1135 353 1.54
f3309_37 111 358 937 1.55
f2125_64 111 960 878 1.56
f0203_21 111 230 650 1.57
f1841_05 111 594 1016 1.58
f3481_39 111 678 704 1.69
f1094_42 111 1077 859 1.84
f2515_57 111 275 35 1.86
f1555_23 111 287 973 1.92
f1540_20 111 63 89 1.93
f2582_70 111 1022 1027 1.96
f2026_32 111 296 165 2.06
f3161_02 111 404 612 2.08
f0747_24 111 1127 761 2.11
f3553_12 111 1006 134 2.13
f1115_26 111 701 110 2.14
f0197_34 111 1180 468 2.17
f3631_34 111 426 146 2.18
f0379_10 111 128 1178 2.23
f3528_35 111 193 883 2.24
f0879_35 111 530 72 2.33
f2228_87 111 821 648 2.36
f0402_38 111 1046 788 2.37
f3984_32 111 16 151 2.43
f3258_46 111 106 671 2.44
f3799_11 111 717 668 2.47
f2461_99 111 363 302 2.49
f2378_69 111 281 681 2.53
f1084_48 111 945 153 2.54
f3962_36 111 112 250 2.56
f3947_36 111 800 409 2.58
f2586_75 111 619 758 2.59
f4090_35 111 476 15 2.6
f1278_22 111 93 895 2.62
f2180_96 111 104 253 2.62
f2428_96 111 338 952 2.64
f3530_32 111 1060 452 2.64
f0240_02 111 567 493 2.66
f3469_10 111 936 578 2.68
f3160_19 111 982 948 2.71
f3323_10 111 697 1081 2.72
f0981_17 111 122 346 2.74
f2085_02 111 950 0 2.74
f3687_48 111 822 1042 2.75
f1457_23 111 874 488 2.78
f3634_16 111 901 431 2.78
f1428_25 111 162 932 2.79
f2525_62 111 1118 441 2.82
f2519_67 111 1080 762 2.91
f1870_30 111 171 743 2.92
f2194_63 111 273 652 2.96
f0731_05 111 750 297 2.97
f1325_20 111 132 1093 2.98
f0596_26 111 331 642 2.99
f3372_23 111 272 981 2.99
f3170_08 111 975 384 3.01
f1515_36 111 598 897 3.05
f3900_35 111 798 1024 3.16
f1681_44 111 1039 953 3.17
f3120_04 111 310 871 3.18
f3139_09 111 864 555 3.2
f0431_36 111 932 222 3.24
f2508_71 111 165 1106 3.24
f1702_13 111 299 165 3.26
f3266_12 111 296 1 3.34
f2103_60 111 478 573 3.46
f2572_63 111 476 1113 3.48
f0439_08 111 871 466 3.53
f2419_83 111 372 829 3.53
f2311_61 111 307 932 3.54
f3541_02 111 287 258 3.62
f1497_28 111 97 806 3.67
f1198_41 111 234 685 3.69
f1266_29 111 336 1192 3.73
f1519_36 111 386 46 3.73
f3921_41 111 112 46 3.8
f2386_82 111 956 789 3.89
f2518_67 111 426 303 3.89
f3130_44 111 190 350 3.93
f2510_55 111 610 623 3.94
f1690_24 111 604 773 3.96
f0054_14 111 1116 93 3.97
f2245_95 111 802 149 4.01
f3380_04 111 368 611 4.01
f0792_07 111 371 570 4.03
f1547_06 111 536 482 4.03
f4078_05 111 1150 1188 4.1
f2523_65 111 923 1109 4.14
f3748_29 111 1184 777 4.18
f0450_41 111 21 320 4.25
f3971_41 111 839 722 4.28
f3564_08 111 877 571 4.3
f1614_22 111 1065 497 4.35
f2358_71 111 293 860 4.42
f3821_06 111 238 1012 4.45
f3966_01 111 987 226 4.45
f2455_72 111 341 259 4.47
f3122_40 111 544 836 4.48
f3853_22 111 7 1157 4.52
f0562_31 111 841 360 4.63
f2484_76 111 994 1169 4.63
f2512_54 111 499 449 4.63
f1392_44 111 206 902 4.71
f0659_24 111 537 256 4.82
f3657_40 111 353 507 4.95
f3260_09 111 43 635 4.97
f0345_23 110 108 131 1.05
f1178_03 110 894 1200 1.09
f1998_10 110 47 967 1.1
f3273_45 110 728 1183 1.1
f3592_19 110 502 931 1.1
f3663_13 110 738 340 1.11
f3852_32 110 990 669 1.17
f1603_40 110 253 1078 1.22
f1568_21 110 1070 1200 1.24
f0931_37 110 105 776 1.3
f1604_07 110 521 576 1.3
f1936_06 110 797 467 1.36
f3271_09 110 606 485 1.41
f2363_77 110 801 1034 1.49
f3388_36 110 1144 346 1.5
f4024_12 110 732 283 1.51
f0962_04 110 403 684 1.55
f1678_19 110 1103 278 1.55
f4035_29 110 855 165 1.55
f0158_20 110 657 643 1.56
f0436_17 110 608 922 1.56
f0539_34 110 523 112 1.71
f2412_86 110 639 28 1.72
f1324_40 110 1126 155 1.77
f1027_05 110 719 139 1.83
f3652_48 110 769 765 1.85
f0521_14 110 1118 581 1.92
f2468_78 110 979 36 1.92
f0945_28 110 1120 560 1.95
f1415_37 110 296 1028 1.95
f4077_42 110 632 174 2.05
f2033_24 110 305 1139 2.07
f3572_03 110 553 603 2.13
f3476_46 110 130 302 2.16
f3601_49 110 370 316 2.22
f3644_26 110 535 792 2.27
f0207_46 110 7 6 2.28
f1913_37 110 343 458 2.3
f2118_60 110 421 99 2.3
f0814_03 110 1064 218 2.32
f2024_20 110 747 952 2.36
f0059_21 110 347 257 2.38
f1546_05 110 749 760 2.38
f3115_25 110 925 614 2.41
f0938_10 110 304 777 2.52
f3535_09 110 332 609 2.52
f3857_01 110 366 582 2.57
f3485_45 110 383 1027 2.69
f2186_55 110 536 913 2.71
f2201_80 110 165 737 2.72
f1769_04 110 58 1 2.79
f2391_85 110 209 774 2.8
f3474_05 110 700 319 2.83
f3950_44 110 502 316 2.83
f4016_16 110 168 231 2.84
f2173_74 110 653 552 3.01
f2059_42 110 924 645 3.08
f2091_28 110 372 818 3.13
f0590_06 110 969 1160 3.14
f1789_37 110 354 380 3.15
f0585_26 110 106 651 3.17
f2264_82 110 328 587 3.2
f3417_01 110 849 929 3.2
f1996_12 110 540 576 3.22
f3730_33 110 361 929 3.24
f3425_47 110 966 446 3.26
f0531_48 110 218 1108 3.33
f0956_32 110 219 258 3.35
f0635_33 110 982 422 3.36
f1274_24 110 551 665 3.41
f2319_77 110 868 731 3.51
f0836_28 110 545 691 3.55
f1251_10 110 131 724 3.55
f2116_72 110 714 762 3.6
f3735_09 110 1143 570 3.6
f2388_79 110 967 106 3.69
f3268_37 110 1122 376 3.69
f3470_24 110 786 19 3.7
f0234_16 110 416 691 3.71
f2189_50 110 527 815 3.74
f0841_10 110 1037 311 3.78
f1968_09 110 870 58 3.78
f0264_18 110 333 781 3.85
f1738_42 110 151 689 3.85
f3665_22 110 596 889 3.87
f1511_41 110 140 673 3.91
f1676_30 110 587 108 3.91
f3629_19 110 1054 1035 3.95
f2361_74 110 437 327 3.96
f2221_70 110 66 752 4.01
f3981_38 110 240 636 4.01
f3407_40 110 307 422 4.04
f0246_12 110 1068 1152 4.06
f3567_49 110 83 706 4.07
f3559_23 110 587 323 4.09
f1204_09 110 238 579 4.25
f2503_57 110 381 142 4.25
f3951_33 110 418 1119 4.25
f3306_39 110 19 1132 4.26
f2253_73 110 783 757 4.32
f1241_00 110 817 454 4.34
f1617_41 110 797 861 4.37
f3178_23 110 311 844 4.37
f2517_63 110 535 930 4.38
f3297_22 110 389 1 4.46
f0834_03 110 768 53 4.51
f2459_55 110 740 463 4.52
f0359_05 110 895 898 4.54
f2417_81 110 864 744 4.54
f4012_13 110 270 540 4.63
f1174_47 110 85 1120 4.65
f1897_40 110 578 1001 4.66
f2016_39 110 233 42 4.67
f3558_12 110 1199 1139 4.68
f1013_47 110 6 776 4.71
f0677_30 110 790 818 4.73
f3628_27 110 738 92 4.73
f1116_09 110 260 620 4.74
f3952_40 110 989 156 4.75
f2114_50 110 222 1101 4.78
f1522_45 110 1085 334 4.84
f2066_29 110 552 1040 4.87
f1633_35 110 1030 369 4.94
f1093_13 110 335 687 4.96
f1286_47 110 1183 833 4.98
f2277_92 110 12 883 4.99
f0164_32 109 996 551 1.04
f1670_20 109 469 1181 1.05
f2283_59 109 43 714 1.06
f0293_40 109 337 1134 1.08
f1129_22 109 271 756 1.08
f0442_00 109 38 865 1.12
f1000_45 109 487 645 1.13
f0986_02 109 1015 570 1.14
f4028_44 109 537 452 1.19
f3997_45 109 940 352 1.29
f3584_47 109 906 338 1.32
f3767_45 109 120 393 1.33
f2397_92 109 336 209 1.48
f1390_10 109 430 1006 1.5
f1211_04 109 531 859 1.59
f3267_41 109 196 866 1.63
f3467_12 109 268 751 1.63
f1862_37 109 508 733 1.67
f3484_17 109 346 56 1.74
f3100_44 109 462 145 1.76
f4059_48 109 1032 485 1.77
f1276_10 109 78 1120 1.9
f3637_45 109 1101 144 1.9
f3349_22 109 901 1020 1.91
f1801_01 109 725 1116 1.93
f3957_18 109 885 311 1.93
f1631_40 109 176 365 1.96
f0679_42 109 517 1131 2.01
f2396_91 109 371 1177 2.04
f3499_36 109 722 11 2.13
f0686_09 109 236 742 2.2
f1912_13 109 531 373 2.22
f3455_32 109 978 522 2.25
f3788_14 109 82 495 2.28
f1479_40 109 391 896 2.32
f2076_31 109 69 394 2.33
f3359_42 109 1109 304 2.33
f1449_22 109 1146 389 2.36
f1199_24 109 724 833 2.4
f3507_42 109 344 279 2.42
f3554_18 109 1141 141 2.43
f3953_28 109 378 664 2.43
f4082_29 109 734 288 2.45
f2141_85 109 155 1006 2.5
f2269_89 109 760 283 2.5
f0199_01 109 931 132 2.51
f3643_29 109 614 161 2.51
f2333_98 109 932 616 2.52
f0556_25 109 155 471 2.53
f3568_48 109 779 234 2.55
f3622_43 109 978 526 2.55
f3357_06 109 64 1180 2.56
f3781_28 109 437 192 2.57
f1815_44 109 990 711 2.6
f2261_76 109 1059 916 2.6
f2082_26 109 847 818 2.65
f0017_07 109 115 391 2.74
f3972_19 109 1015 1151 2.77
f1305_42 109 567 195 2.8
f1588_11 109 228 34 2.81
f1455_14 109 563 732 2.82
f0591_27 109 299 546 2.84
f1426_27 109 742 587 2.87
f1684_08 109 98 1163 2.89
f3884_40 109 1058 972 2.91
f0987_34 109 1153 1077 2.95
f0161_16 109 898 200 2.96
f0833_32 109 752 394 2.96
f3526_34 109 865 596 2.99
f0069_14 109 25 808 3.05
f1532_16 109 489 259 3.13
f3927_00 109 367 926 3.14
f4089_12 109 390 902 3.24
f3452_13 109 131 1145 3.26
f0458_38 109 194 1019 3.31
f2389_86 109 1053 240 3.31
f3310_44 109 284 486 3.37
f1216_32 109 785 736 3.38
f2471_82 109 848 746 3.39
f2411_88 109 295 510 3.43
f1589_38 109 798 414 3.44
f3561_09 109 515 931 3.44
f1613_27 109 473 938 3.46
f1482_39 109 1185 60 3.52
f3140_49 109 808 806 3.56
f3433_10 109 655 867 3.56
f1137_07 109 1108 87 3.57
f3107_16 109 1193 29 3.63
f0187_18 109 1005 154 3.65
f3737_46 109 983 1088 3.72
f1181_27 109 754 107 3.74
f4061_16 109 802 94 3.77
f0735_17 109 603 259 3.84
f3845_39 109 778 847 3.85
f2469_50 109 36 59 3.89
f0502_09 109 958 603 3.94
f1478_41 109 712 297 4.03
f3211_20 109 212 9 4.06
f2272_85 109 176 211 4.12
f2365_62 109 556 47 4.13
f1458_19 109 409 414 4.2
f3743_12 109 1068 530 4.2
f0827_09 109 304 300 4.22
f0001_41 109 1063 1117 4.24
f0256_08 109 651 1032 4.24
f1239_18 109 262 1124 4.34
f3624_44 109 1033 920 4.35
f3928_39 109 548 1022 4.35
f1610_32 109 545 784 4.36
f1652_11 109 584 1098 4.36
f3542_00 109 108 1104 4.45
f2320_75 109 1091 919 4.46
f2453_70 109 882 939 4.47
f2509_53 109 587 166 4.48
f2348_56 109 1192 1122 4.49
f3702_47 109 1187 1005 4.51
f2580_69 109 274 98 4.62
f3166_12 109 278 949 4.65
f3591_14 109 863 790 4.72
f2315_59 109 66 561 4.75
f3961_03 109 1010 443 4.76
f0534_00 109 511 127 4.77
f2042_30 109 861 68 4.84
f0640_19 109 72 1011 4.85
f1566_38 109 1120 353 4.85
f1453_47 109 447 876 4.88
f1795_30 109 400 403 4.89
f3443_42 109 622 926 4.89
f3894_37 109 459 235 4.91
f1635_40 109 967 414 4.93
f1393_25 109 627 459 4.95
f3398_06 109 89 594 4.98
f0721_31 108 995 150 1.04
f0303_00 108 670 43 1.1
f1602_35 108 729 976 1.11
f1729_47 108 582 717 1.12
f1753_34 108 927 225 1.16
f1893_26 108 684 718 1.17
f1619_37 108 1167 1116 1.19
f0391_32 108 1089 265 1.38
f1361_36 108 1067 225 1.43
f2060_18 108 1152 57 1.43
f3728_28 108 293 792 1.5
f3511_46 108 551 619 1.52
f1689_07 108 900 765 1.59
f1340_02 108 101 936 1.6
f3586_05 108 214 28 1.61
f3540_36 108 158 946 1.76
f3464_12 108 601 1042 1.8
f3442_00 108 891 1071 1.81
f3915_05 108 784 918 1.84
f2535_60 108 123 1112 1.91
f0260_38 108 1029 2 1.92
f1709_03 108 44 684 1.94
f2483_64 108 1184 164 1.95
f0211_26 108 648 280 1.96
f1849_46 108 535 844 1.96
f1370_48 108 226 77 1.97
f2324_84 108 1196 256 2
f1999_37 108 801 112 2.02
f4060_46 108 1100 1012 2.15
f3827_08 108 118 1113 2.21
f2526_71 108 821 808 2.23
f3935_48 108 803 464 2.23
f2140_77 108 819 845 2.27
f0314_27 108 38 1055 2.29
f1403_42 108 349 358 2.31
f2200_55 108 1119 815 2.32
f1355_03 108 348 1089 2.36
f3314_25 108 35 230 2.36
f1890_28 108 557 874 2.37
f3670_40 108 437 477 2.4
f1679_05 108 865 1102 2.44
f3190_08 108 480 853 2.45
f3368_37 108 870 747 2.47
f0781_31 108 543 648 2.5
f3594_23 108 480 807 2.5
f0188_36 108 1101 590 2.56
f2531_92 108 956 625 2.56
f3246_06 108 194 675 2.56
f1224_16 108 773 661 2.68
f0321_36 108 448 576 2.7
f1840_35 108 996 1079 2.73
f1118_23 108 758 570 2.83
f3482_33 108 141 612 2.92
f3738_16 108 649 622 2.93
f2233_79 108 663 376 2.96
f3188_47 108 1113 203 2.98
f1605_44 108 479 168 2.99
f3870_03 108 1096 761 3.07
f3232_11 108 955 404 3.1
f0840_37 108 29 133 3.14
f0831_15 108 1037 174 3.16
f0806_09 108 1044 1032 3.2
f0784_30 108 818 658 3.22
f2529_70 108 204 140 3.23
f2035_49 108 154 458 3.32
f0550_24 108 725 25 3.38
f1427_16 108 240 863 3.41
f1699_42 108 886 161 3.44
f0527_23 108 601 116 3.49
f2528_69 108 1041 1101 3.56
f0094_41 108 724 554 3.65
f1758_36 108 1056 1082 3.65
f1498_08 108 448 756 3.69
f4052_33 108 1140 355 3.72
f1608_37 108 208 307 3.77
f0991_47 108 934 159 3.81
f0473_21 108 273 775 3.84
f2155_59 108 381 878 3.87
f3326_06 108 947 479 3.89
f3938_46 108 1061 151 3.89
f4032_33 108 592 268 3.93
f1183_38 108 172 928 3.96
f1326_12 108 851 627 3.97
f1402_17 108 613 451 4.01
f0657_41 108 565 957 4.09
f0622_25 108 292 376 4.13
f1425_23 108 542 118 4.18
f1910_05 108 706 774 4.25
f0984_25 108 612 935 4.3
f1530_18 108 1073 354 4.31
f3201_07 108 581 910 4.41
f3385_08 108 285 35 4.47
f0430_02 108 815 359 4.49
f0062_25 108 874 241 4.5
f1132_19 108 552 1171 4.61
f3487_02 108 509 1055 4.61
f3432_38 108 1145 1004 4.62
f2493_99 108 246 100 4.64
f2482_62 108 398 174 4.68
f2102_52 108 261 143 4.7
f0824_18 108 168 1068 4.78
f2088_14 108 67 844 4.78
f1243_07 108 648 837 4.84
f3216_33 108 458 4 4.87
f3292_31 108 970 1172 4.87
f1908_49 108 110 793 4.92
f1064_32 108 1097 880 4.95
f3497_42 108 745 127 4.99
f1591_47 107 695 1153 1.02
f2299_91 107 443 1012 1.03
f3877_11 107 1014 227 1.04
f1203_10 107 884 983 1.07
f3625_17 107 453 172 1.07
f2571_62 107 202 759 1.1
f3523_31 107 819 988 1.17
f1281_28 107 420 131 1.23
f1039_40 107 191 352 1.25
f0766_01 107 566 28 1.27
f3536_49 107 1042 761 1.28
f1310_44 107 319 916 1.3
f3344_26 107 774 1107 1.32
f3557_12 107 1022 778 1.32
f3755_33 107 631 917 1.32
f2574_64 107 389 955 1.49
f1861_26 107 1103 631 1.5
f3867_42 107 1109 750 1.55
f3436_22 107 865 118 1.59
f1270_28 107 569 1034 1.62
f2398_51 107 498 635 1.66
f1683_30 107 11 913 1.7
f2051_15 107 1015 202 1.7
f0107_06 107 644 1174 1.74
f2297_69 107 1039 564 1.79
f2017_03 107 836 794 1.92
f3422_32 107 927 762 1.95
f3844_11 107 548 501 1.95
f0714_32 107 790 222 1.97
f1082_22 107 102 170 2
f1653_02 107 491 222 2
f2437_50 107 1048 282 2.01
f3195_04 107 558 727 2.02
f0733_34 107 298 644 2.12
f3205_40 107 421 997 2.18
f2371_68 107 411 1099 2.2
f0309_42 107 810 556 2.26
f2475_66 107 490 397 2.27
f3448_15 107 989 485 2.27
f2404_70 107 537 1080 2.3
f3235_00 107 124 1019 2.31
f0382_03 107 122 11 2.38
f3994_27 107 1119 374 2.39
f2350_98 107 906 495 2.42
f3724_32 107 216 373 2.51
f1134_40 107 434 387 2.57
f3186_24 107 314 981 2.58
f2296_73 107 497 999 2.6
f1130_48 107 140 954 2.61
f0573_31 107 194 315 2.62
f0621_33 107 150 545 2.63
f3313_11 107 989 553 2.68
f0364_10 107 1056 369 2.71
f0667_05 107 977 312 2.74
f1590_15 107 329 319 2.79
f0014_19 107 807 677 2.8
f0859_01 107 784 1167 2.94
f0326_35 107 1052 322 2.96
f1907_22 107 44 310 2.99
f0676_08 107 947 139 3
f3786_04 107 1074 260 3
f0504_29 107 953 33 3.06
f2093_26 107 1044 453 3.07
f0646_22 107 238 631 3.08
f2597_88 107 771 12 3.11
f0933_38 107 1070 98 3.13
f1201_49 107 354 754 3.14
f0374_13 107 724 631 3.16
f1765_33 107 535 205 3.16
f0127_07 107 602 243 3.19
f1950_08 107 537 534 3.21
f3399_09 107 564 962 3.23
f0662_29 107 5 1196 3.25
f0515_18 107 1001 397 3.31
f3745_12 107 686 1098 3.36
f1047_26 107 743 893 3.52
f1832_47 107 948 567 3.54
f2545_52 107 928 230 3.54
f3348_00 107 106 505 3.58
f3688_07 107 363 178 3.59
f2360_75 107 1039 1 3.64
f3725_39 107 1154 393 3.76
f0422_45 107 590 1066 3.81
f2356_86 107 946 151 3.81
f3131_11 107 1084 152 3.81
f0853_05 107 667 681 3.82
f2325_86 107 562 1184 3.84
f1916_32 107 583 958 3.85
f2209_79 107 581 506 3.9
f3774_21 107 597 788 3.9
f1376_43 107 1171 465 3.93
f2427_89 107 1012 593 4
f0593_46 107 1141 882 4.02
f0625_26 107 1121 831 4.03
f1625_05 107 401 789 4.11
f3408_47 107 479 1085 4.12
f3173_48 107 961 977 4.13
f3698_01 107 567 923 4.15
f0947_41 107 821 472 4.18
f1852_35 107 764 477 4.28
f1622_16 107 123 361 4.31
f0951_29 107 598 133 4.32
f3506_22 107 1080 721 4.33
f3251_33 107 785 349 4.34
f0923_31 107 555 458 4.37
f0819_13 107 267 462 4.48
f3937_40 107 49 826 4.5
f3791_09 107 142 873 4.56
f2380_76 107 1096 356 4.57
f2021_30 107 739 531 4.65
f2418_82 107 491 61 4.73
f1012_30 107 1039 995 4.75
f1659_04 107 588 351 4.75
f2539_96 107 848 279 4.8
f1008_28 107 526 365 4.81
f0049_32 107 831 866 4.83
f0722_29 107 16 653 4.84
f0566_02 107 902 1162 4.89
f3176_15 107 91 510 4.89
f2337_71 107 441 844 4.92
f1214_39 107 1115 720 4.94
f4091_23 107 887 305 4.97
f2407_74 107 280 987 5
f2280_57 106 248 720 1.03
f0811_49 106 1107 769 1.11
f0035_19 106 1065 471 1.16
f2442_81 106 912 1050 1.19
f0865_24 106 1165 659 1.25
f1078_11 106 719 892 1.28
f2560_93 106 118 982 1.28
f3817_22 106 931 316 1.36
f0804_00 106 1103 649 1.4
f3151_13 106 576 53 1.44
f0157_12 106 376 819 1.45
f3808_45 106 608 51 1.52
f2306_63 106 678 199 1.62
f0077_13 106 707 1141 1.68
f0248_43 106 1033 254 1.68
f3154_48 106 1024 613 1.72
f1986_20 106 48 308 1.75
f0809_16 106 153 1122 1.76
f3311_03 106 1058 542 1.86
f1688_24 106 414 40 1.88
f1125_41 106 390 847 1.92
f3316_22 106 235 65 1.96
f3759_43 106 106 1046 1.99
f2252_75 106 72 1034 2.02
f1035_22 106 800 448 2.05
f2096_00 106 69 1182 2.06
f1383_16 106 1004 965 2.08
f1664_04 106 654 265 2.09
f1061_01 106 94 1022 2.12
f1656_24 106 176 884 2.12
f2174_61 106 889 111 2.12
f0130_28 106 708 1159 2.14
f2107_53 106 563 1090 2.16
f1349_00 106 762 252 2.17
f2203_77 106 217 516 2.19
f3913_01 106 969 110 2.21
f4063_09 106 521 1002 2.21
f2342_82 106 394 1121 2.23
f4010_12 106 348 1193 2.31
f2447_93 106 201 239 2.32
f3689_09 106 1103 187 2.34
f2285_54 106 960 606 2.39
f0762_20 106 221 628 2.42
f0141_43 106 1111 216 2.46
f0857_21 106 843 409 2.52
f2585_74 106 1190 844 2.64
f3393_08 106 804 1166 2.64
f1139_48 106 447 817 2.75
f1550_34 106 738 330 2.89
f1877_30 106 1165 556 2.89
f1543_08 106 191 460 2.93
f3655_18 106 479 783 2.93
f0914_27 106 1072 1037 3.05
f2244_94 106 685 522 3.07
f3239_36 106 811 683 3.08
f3256_38 106 801 166 3.08
f1119_27 106 1114 767 3.09
f3157_23 106 381 735 3.09
f2003_18 106 572 714 3.1
f2490_91 106 1111 24 3.11
f3346_12 106 706 614 3.11
f1884_05 106 532 878 3.12
f2466_76 106 199 282 3.12
f3409_20 106 338 1061 3.13
f1693_00 106 1085 334 3.15
f0896_44 106 1119 91 3.24
f0698_45 106 940 1155 3.26
f0055_09 106 373 589 3.27
f1791_04 106 1151 1059 3.27
f3231_19 106 966 328 3.42
f1501_00 106 811 990 3.58
f0058_07 106 177 1169 3.59
f2542_55 106 938 754 3.69
f2546_62 106 250 106 3.74
f2563_91 106 1176 150 3.74
f1108_14 106 974 290 3.76
f2231_55 106 246 1129 3.77
f2516_59 106 1057 706 3.78
f3886_02 106 731 484 3.78
f1323_11 106 557 741 3.85
f3778_23 106 596 152 3.85
f3208_06 106 911 643 4.06
f3121_43 106 318 4 4.09
f4069_03 106 1146 357 4.09
f1658_04 106 411 896 4.14
f3403_48 106 1008 135 4.15
f0616_04 106 676 1198 4.2
f3570_15 106 896 140 4.25
f1133_00 106 417 660 4.39
f4042_33 106 1123 35 4.42
f1956_19 106 368 466 4.49
f3880_29 106 95 676 4.52
f2257_69 106 1174 58 4.53
f3463_16 106 1001 640 4.53
f3222_24 106 670 608 4.56
f3932_35 106 871 574 4.6
f2241_88 106 1135 1161 4.61
f3604_21 106 428 206 4.63
f3620_07 106 1189 155 4.65
f3798_08 106 30 56 4.65
f0023_08 106 496 176 4.73
f1514_35 106 95 12 4.73
f3245_09 106 689 291 4.75
f0040_25 106 147 392 4.76
f1042_08 106 1037 1029 4.82
f1557_00 106 1138 471 4.83
f3148_21 106 620 703 4.85
f2408_73 106 867 1162 4.86
f0633_18 106 456 359 4.95
f2587_73 106 623 395 4.95
f3806_01 106 130 241 4.95
f0728_14 106 76 19 4.96
f2507_78 106 1120 340 4.97
f0959_27 105 785 812 1.03
f1151_39 105 756 16 1.15
f2182_95 105 520 200 1.15
f1242_30 105 65 829 1.18
f1927_01 105 356 1066 1.18
f3956_26 105 564 1053 1.21
f3982_48 105 886 975 1.21
f2030_28 105 76 899 1.23
f3435_24 105 1189 256 1.25
f2115_77 105 990 563 1.27
f3616_07 105 255 527 1.3
f1254_34 105 1001 5 1.33
f2451_68 105 986 255 1.42
f0482_06 105 702 900 1.43
f1206_36 105 466 489 1.43
f1236_11 105 811 576 1.47
f1143_43 105 805 585 1.48
f1120_05 105 400 949 1.51
f3282_28 105 602 43 1.53
f0089_16 105 967 1147 1.54
f3647_13 105 732 452 1.54
f1031_37 105 426 50 1.55
f1600_43 105 517 4 1.59
f0456_45 105 27 15 1.62
f2544_53 105 622 449 1.62
f0266_14 105 12 1138 1.63
f1817_18 105 984 400 1.63
f0898_29 105 1111 1027 1.65
f1001_28 105 485 259 1.65
f1487_45 105 1157 290 1.65
f3998_40 105 271 968 1.65
f3358_28 105 327 840 1.68
f2068_36 105 390 44 1.7
f3878_43 105 458 408 1.72
f0558_01 105 846 1017 1.74
f3596_19 105 315 354 1.75
f1964_32 105 1043 310 1.81
f4046_46 105 432 680 1.82
f0405_20 105 81 841 1.89
f0710_08 105 999 113 1.89
f2276_91 105 1074 1091 1.9
f4033_05 105 18 102 1.9
f3739_34 105 218 503 1.91
f1698_35 105 352 458 1.92
f1210_47 105 565 544 2
f0618_44 105 555 1118 2.02
f3113_40 105 1089 621 2.04
f3907_43 105 919 86 2.05
f3336_15 105 1147 937 2.08
f1692_18 105 1139 278 2.09
f1967_21 105 596 695 2.09
f3236_26 105 154 990 2.1
f2195_64 105 1112 114 2.12
f3617_43 105 992 1152 2.12
f3544_20 105 710 276 2.17
f3776_05 105 490 817 2.18
f3770_21 105 651 526 2.23
f0974_14 105 52 958 2.28
f0683_02 105 113 352 2.32
f1345_41 105 674 494 2.34
f2161_58 105 47 405 2.35
f3681_31 105 397 370 2.37
f0668_31 105 403 53 2.39
f0682_48 105 126 595 2.39
f1431_47 105 723 998 2.45
f2274_95 105 1143 1110 2.49
f2138_72 105 880 1152 2.5
f2405_90 105 325 521 2.5
f1300_41 105 1109 92 2.53
f2460_52 105 1028 636 2.54
f1853_42 105 425 366 2.58
f1472_37 105 491 131 2.6
f3295_35 105 672 603 2.62
f1025_22 105 252 260 2.63
f0577_19 105 28 210 2.67
f1997_00 105 36 1174 2.67
f1050_39 105 123 522 2.69
f0528_49 105 192 575 2.7
f1842_34 105 948 57 2.72
f3940_26 105 597 985 2.72
f0939_32 105 493 801 2.73
f0924_33 105 628 299 2.74
f3646_15 105 161 933 2.75
f2132_69 105 1049 725 2.78
f0775_24 105 438 213 2.79
f0597_00 105 87 1101 2.8
f1595_34 105 237 219 2.8
f2211_73 105 865 823 2.82
f2593_72 105 335 258 2.84
f3910_30 105 193 1076 2.85
f2250_52 105 256 184 2.86
f2238_86 105 237 351 2.87
f0561_12 105 1053 178 2.91
f0660_10 105 843 761 2.93
f2318_78 105 966 720 2.95
f3630_14 105 41 163 2.96
f0717_46 105 28 985 3
f1275_19 105 351 83 3.01
f0599_04 105 257 1171 3.05
f2127_59 105 351 300 3.07
f0626_23 105 1193 421 3.1
f3763_41 105 319 506 3.11
f1830_16 105 604 995 3.14
f2212_74 105 1188 17 3.15
f4023_00 105 167 498 3.16
f1680_37 105 827 828 3.2
f1845_02 105 593 903 3.22
f3851_19 105 715 977 3.22
f2387_81 105 1035 285 3.23
f3287_41 105 710 162 3.28
f2157_61 105 731 855 3.31
f3125_02 105 215 719 3.31
f2167_65 105 25 1019 3.33
f3766_48 105 324 419 3.34
f2521_66 105 910 944 3.36
f3293_30 105 673 552 3.39
f2399_85 105 561 769 3.41
f1150_03 105 829 186 3.42
f2259_68 105 714 900 3.42
f2150_52 105 189 1189 3.48
f2433_75 105 540 798 3.48
f0654_02 105 300 938 3.52
f0828_34 105 1040 341 3.53
f2025_00 105 805 59 3.53
f1766_41 105 799 960 3.54
f1773_18 105 1136 38 3.54
f1669_41 105 335 275 3.57
f3769_10 105 198 630 3.6
f0108_12 105 116 501 3.61
f1262_42 105 487 206 3.64
f1834_16 105 357 866 3.68
f1864_10 105 55 5 3.68
f4093_35 105 505 448 3.71
f0826_18 105 224 25 3.72
f1097_20 105 49 635 3.73
f0958_28 105 1052 311 3.74
f2438_76 105 1109 627 3.75
f3659_25 105 1074 935 3.77
f3923_00 105 585 775 3.77
f2064_33 105 810 739 3.82
f0267_24 105 466 1128 3.83
f2445_82 105 970 244 3.83
f1277_02 105 27 1118 3.84
f3206_45 105 774 451 3.84
f3905_45 105 361 490 3.86
f2146_84 105 573 1011 3.88
f4086_36 105 485 89 3.9
f0751_28 105 309 11 3.93
f1541_40 105 346 1152 3.97
f3191_43 105 188 871 3.99
f4019_00 105 445 875 4.02
f2081_42 105 1189 1154 4.03
f2086_25 105 77 134 4.06
f3846_02 105 22 1090 4.12
f3471_02 105 1017 1019 4.13
f2078_03 105 791 231 4.14
f3714_05 105 686 534 4.15
f1760_27 105 1168 964 4.18
f3547_04 105 994 906 4.19
f4039_48 105 344 896 4.21
f1409_25 105 1122 142 4.22
f1970_32 105 919 685 4.24
f3727_12 105 991 1043 4.24
f0975_48 105 479 656 4.25
f2444_84 105 1111 115 4.25
f2072_32 105 453 315 4.27
f1763_25 105 1180 910 4.29
f3221_05 105 203 999 4.29
f0297_05 105 453 135 4.3
f0903_42 105 1167 216 4.38
f0535_19 105 221 95 4.39
f1265_03 105 331 605 4.4
f2083_33 105 161 847 4.41
f0623_37 105 414 610 4.44
f1333_48 105 647 564 4.47
f1246_39 105 833 341 4.48
f2098_02 105 167 826 4.5
f0097_05 105 159 795 4.52
f1351_29 105 833 374 4.52
f1993_19 105 1073 356 4.55
f1462_01 105 486 324 4.56
f1695_12 105 199 828 4.56
f3545_06 105 784 94 4.56
f3690_41 105 143 141 4.57
f1863_44 105 12 1136 4.59
f0723_20 105 1038 225 4.6
f1330_35 105 944 770 4.61
f2314_53 105 12 1132 4.62
f2492_72 105 485 484 4.63
f2424_90 105 283 737 4.65
f3270_11 105 820 744 4.65
f3531_27 105 534 665 4.65
f3909_46 105 1188 567 4.71
f1933_13 105 156 185 4.72
f3423_29 105 751 640 4.73
f1098_11 105 252 497 4.78
f0008_45 105 948 363 4.83
f0734_39 105 191 262 4.84
f3257_17 105 164 167 4.84
f3761_12 105 377 336 4.88
f0749_12 105 338 457 4.89
f3863_30 105 314 660 4.9
f2012_46 105 251 372 4.93
f2220_72 104 179 416 1.03
f1087_32 104 1047 984 1.07
f3893_01 104 773 407 1.11
f1260_34 104 1052 914 1.12
f3854_08 104 844 995 1.15
f2502_59 104 219 127 1.16
f3104_25 104 813 1080 1.19
f2328_92 104 138 554 1.21
f2014_07 104 335 981 1.22
f2109_65 104 165 36 1.26
f1368_03 104 376 637 1.33
f0210_17 104 58 386 1.34
f2218_51 104 392 772 1.38
f1987_47 104 13 514 1.4
f1803_09 104 541 1200 1.45
f2450_56 104 38 704 1.5
f3825_12 104 754 135 1.5
f1976_25 104 949 719 1.51
f0697_31 104 636 776 1.53
f2293_68 104 9 380 1.53
f3308_03 104 1097 838 1.58
f1526_31 104 687 245 1.61
f1779_01 104 481 504 1.74
f1387_23 104 1017 462 1.78
f0221_37 104 369 924 1.79
f1891_18 104 1084 640 1.81
f3525_29 104 273 766 1.83
f1317_00 104 1149 968 1.89
f0630_16 104 863 23 1.9
f1800_08 104 387 316 2.03
f2321_84 104 244 983 2.06
f0252_30 104 1128 125 2.09
f2410_85 104 836 1183 2.1
f1029_30 104 892 807 2.21
f1235_34 104 525 662 2.3
f1424_45 104 988 1038 2.3
f1411_01 104 1029 354 2.43
f4027_34 104 751 765 2.5
f2275_90 104 864 748 2.53
f2239_84 104 985 668 2.54
f3272_48 104 676 943 2.55
f1516_46 104 847 497 2.56
f1318_17 104 530 945 2.6
f1754_35 104 376 499 2.6
f3575_04 104 983 638 2.6
f3882_22 104 571 159 2.61
f0236_17 104 293 131 2.77
f2163_51 104 297 1188 2.77
f3179_39 104 239 879 2.78
f1273_29 104 116 448 2.82
f1612_47 104 1111 228 2.86
f3813_08 104 45 954 2.86
f1329_29 104 1122 503 2.91
f2488_90 104 279 969 3.13
f3496_38 104 998 678 3.17
f3810_05 104 497 262 3.21
f0665_47 104 382 710 3.29
f3224_05 104 408 338 3.29
f2019_34 104 434 88 3.3
f2352_97 104 570 564 3.32
f1824_18 104 464 439 3.36
f2590_60 104 647 970 3.41
f3803_39 104 261 946 3.41
f1848_43 104 269 479 3.46
f2084_07 104 456 173 3.46
f0479_35 104 285 766 3.48
f3534_47 104 168 752 3.51
f3903_05 104 158 958 3.58
f0572_15 104 338 535 3.74
f0110_48 104 606 49 3.85
f2262_83 104 345 980 3.89
f1219_26 104 638 653 3.98
f2416_80 104 1168 986 3.99
f1810_02 104 541 1188 4
f0115_34 104 352 332 4.08
f1332_24 104 186 155 4.08
f2050_45 104 1189 144 4.14
f1263_18 104 1044 425 4.16
f2395_78 104 264 312 4.16
f2246_93 104 928 554 4.17
f0387_49 104 729 706 4.37
f1735_22 104 175 579 4.39
f1086_15 104 54 741 4.45
f1176_40 104 964 654 4.49
f3856_34 104 739 677 4.62
f2357_70 104 959 704 4.64
f3699_41 104 636 506 4.66
f2346_88 104 631 338 4.69
f2372_55 104 182 87 4.7
f2192_56 104 448 846 4.82
f3307_33 104 862 539 4.82
f3795_00 104 101 247 4.83
f3189_40 104 606 853 4.85
f1069_22 104 762 1091 4.89
f2001_42 104 624 900 4.89
f2222_84 103 599 353 1
f0687_43 103 920 1192 1.02
f1298_29 103 1012 1194 1.04
f3934_45 103 732 503 1.04
f1994_21 103 345 446 1.08
f4085_42 103 276 251 1.13
f1757_24 103 297 512 1.15
f3105_03 103 354 886 1.15
f0681_47 103 465 167 1.16
f0901_39 103 642 519 1.19
f1436_39 103 119 534 1.2
f4015_05 103 125 430 1.23
f1362_31 103 397 471 1.24
f0488_39 103 802 674 1.35
f0445_46 103 279 789 1.38
f0559_18 103 609 484 1.4
f3182_40 103 397 50 1.4
f1609_27 103 273 1115 1.45
f2312_87 103 485 1129 1.46
f0928_42 103 1058 699 1.56
f1561_30 103 493 529 1.58
f3830_48 103 822 970 1.67
f3658_27 103 874 601 1.68
f1947_49 103 292 582 1.71
f1363_19 103 1106 24 1.76
f0926_26 103 206 995 1.91
f0822_30 103 791 596 1.92
f0043_10 103 1188 1167 1.97
f0510_47 103 663 31 1.97
f1043_42 103 230 1039 1.97
f1017_30 103 191 660 2.03
f3988_14 103 587 355 2.03
f1883_03 103 611 449 2.04
f2554_55 103 1200 943 2.04
f3204_15 103 494 1182 2.05
f2265_80 103 97 492 2.08
f1985_18 103 1139 1164 2.15
f2053_20 103 847 151 2.22
f1223_27 103 839 363 2.26
f0852_40 103 938 239 2.29
f0860_21 103 161 629 2.29
f1312_23 103 62 1002 2.31
f1777_29 103 1055 617 2.35
f0011_13 103 586 275 2.41
f1010_11 103 604 152 2.44
f1524_26 103 1070 1071 2.47
f3711_08 103 677 1147 2.51
f3284_38 103 124 644 2.53
f3671_04 103 749 542 2.58
f1191_18 103 601 996 2.62
f0159_14 103 1168 1124 2.63
f1525_00 103 419 671 2.66
f3412_27 103 1127 1186 2.71
f0789_10 103 1108 11 2.75
f0104_43 103 915 348 2.79
f3562_47 103 219 254 2.82
f0587_34 103 820 1014 2.87
f4044_44 103 1135 362 2.94
f0943_40 103 925 833 3.01
f1905_23 103 782 315 3.03
f0913_31 103 872 1176 3.05
f1878_33 103 1080 612 3.2
f1240_01 103 1182 167 3.28
f3922_38 103 345 562 3.32
f1496_39 103 549 1102 3.34
f1700_36 103 9 337 3.43
f1638_14 103 1072 519 3.47
f4008_34 103 6 240 3.47
f0880_16 103 151 132 3.54
f3413_34 103 1099 805 3.55
f2567_60 103 598 915 3.6
f1443_09 103 426 312 3.72
f2256_71 103 853 178 3.72
f3666_48 103 287 372 3.73
f2552_82 103 332 879 3.76
f1741_16 103 751 436 3.81
f4083_30 103 550 1106 3.82
f0568_00 103 374 397 3.89
f2154_77 103 758 278 3.92
f0636_12 103 147 47 4.05
f0524_04 103 894 142 4.1
f0739_42 103 369 919 4.12
f3244_38 103 471 75 4.23
f0647_19 103 437 1018 4.24
f1136_31 103 647 552 4.24
f0612_11 103 223 564 4.27
f3812_06 103 995 316 4.27
f0770_45 103 881 798 4.32
f1785_07 103 1192 854 4.37
f1586_22 103 283 31 4.39
f3829_26 103 977 608 4.39
f2463_79 103 1183 301 4.57
f2379_68 103 1190 959 4.69
f1822_45 103 616 704 4.71
f3980_34 103 335 1142 4.73
f0996_01 103 399 1128 4.83
f4071_32 103 665 1036 4.83
f2533_94 103 655 1105 4.96
f0758_07 102 673 96 1.12
f0791_04 102 574 425 1.16
f3233_02 102 1039 552 1.17
f1180_21 102 605 748 1.25
f0602_16 102 890 684 1.3
f1231_36 102 760 1029 1.31
f0712_09 102 414 1003 1.32
f1978_04 102 1076 836 1.33
f2434_59 102 180 286 1.33
f3964_40 102 43 502 1.42
f1238_43 102 642 874 1.48
f1418_02 102 429 1183 1.57
f1618_39 102 449 790 1.67
f0985_44 102 1047 577 1.68
f1491_42 102 749 1034 1.7
f3114_13 102 151 19 1.71
f1714_49 102 139 841 1.76
f1697_45 102 8 503 1.8
f1807_08 102 737 556 1.8
f1955_30 102 1080 285 1.81
f1205_25 102 426 380 1.84
f3338_15 102 484 410 1.87
f1400_25 102 1136 185 1.9
f1892_07 102 735 736 2.04
f1215_02 102 883 993 2.06
f1502_33 102 213 879 2.15
f3740_01 102 397 712 2.18
f2208_81 102 792 494 2.21
f1096_05 102 1124 264 2.27
f1827_17 102 673 1047 2.33
f0523_42 102 348 699 2.34
f1957_41 102 708 920 2.42
f2266_81 102 177 822 2.64
f3941_08 102 937 1173 2.69
f0919_47 102 1148 705 2.85
f3566_36 102 1148 273 2.85
f0554_17 102 116 625 2.89
f3517_27 102 361 1032 2.92
f3571_20 102 894 184 2.96
f1230_10 102 664 690 2.98
f0652_30 102 78 328 3.11
f0133_23 102 319 806 3.17
f1939_13 102 116 756 3.23
f1164_21 102 88 554 3.29
f3602_12 102 706 723 3.4
f0224_06 102 911 103 3.48
f1295_00 102 1111 794 3.53
f0511_03 102 61 439 3.55
f2317_76 102 432 874 3.58
f2359_72 102 784 969 3.66
f0700_20 102 986 110 3.76
f2588_72 102 352 915 3.82
f0174_06 102 300 824 4.04
f3693_03 102 52 809 4.09
f0620_49 102 766 232 4.12
f3319_48 102 320 688 4.12
f0883_14 102 714 652 4.19
f0813_02 102 1070 804 4.34
f2384_51 102 911 632 4.35
f3119_39 102 1166 80 4.35
f3317_25 102 157 624 4.57
f1871_04 102 774 963 4.66
f1439_27 102 80 382 4.74
f3965_14 102 678 623 4.75
f2020_16 102 679 330 4.84
f1920_09 101 85 1134 1.09
f0692_03 101 1100 569 1.13
f1074_34 101 610 103 1.15
f0606_11 101 894 653 1.21
f1778_11 101 310 628 1.21
f2038_08 101 189 1139 1.24
f0087_24 101 734 865 1.31
f2556_97 101 1062 1101 1.36

