l000 58 301 1024 1.89
l001 143 1063 1117 4.24
l002 15 23 382 3.03
l003 15 963 1155 2.85
l004 15 948 363 4.83
l005 15 586 275 2.41
l006 15 807 677 2.8
l007 57 897 727 3.35
l008 15 115 391 2.74
l009 15 738 494 4.29
l010 15 496 176 4.73
l011 15 591 524 2.92
l012 15 653 637 1.86
l013 15 995 260 1.47
l014 15 497 447 2.54
l015 15 949 361 2.64
l016 15 1065 471 1.16
l017 15 429 259 1.74
l018 142 1151 458 4.63
l019 15 805 1184 1.21
l020 58 288 225 2.05
l021 58 147 392 4.76
l022 15 395 58 1.63
l023 15 113 655 1.31
l024 15 1188 1167 1.97
l025 15 882 1012 2.83
l026 15 831 866 4.83
l027 15 657 388 3.67
l028 15 1116 93 3.97
l029 15 373 589 3.27
l030 15 177 1169 3.59
l031 58 347 257 2.38
l032 58 874 241 4.5
l033 15 1007 1101 1.82
l034 14 861 747 4.33
l035 58 632 846 4.53
l036 15 38 110 4.83
l037 15 201 716 4.63
l038 15 25 808 3.05
l039 15 473 462 1.73
l040 15 712 758 2.14
l041 15 520 526 4.01
l042 142 707 1141 1.68
l043 15 954 177 3.68
l044 15 600 1148 2.8
l045 15 1163 90 1.53
l046 15 578 1103 2.02
l047 15 977 168 1.04
l048 15 734 865 1.31
l049 15 428 81 4.31
l050 15 967 1147 1.54
l051 15 1150 120 1.12
l052 15 235 473 4.55
l053 15 724 554 3.65
l054 15 1176 374 3.54
l055 15 159 795 4.52
l056 15 1144 1148 1.76
l057 15 748 1016 4.66
l058 15 915 348 2.79
l059 15 150 663 3.38
l060 15 644 1174 1.74
l061 15 116 501 3.61
l062 15 606 49 3.85
l063 15 84 781 3.27
l064 15 531 852 2.29
l065 15 352 332 4.08
l066 15 524 409 1.43
l067 58 995 1195 1.96
l068 15 956 854 2.18
l069 15 747 449 4.04
l070 15 144 462 1.69
l071 15 1190 258 3.64
l072 15 503 170 4.01
l073 15 602 243 3.19
l074 15 1103 429 1.15
l075 15 9 626 4.28
l076 15 708 1159 2.14
l077 58 319 806 3.17
l078 15 402 727 3.15
l079 15 167 612 3.55
l080 15 1111 216 2.46
l081 15 913 957 1.81
l082 15 1064 385 3.02
l083 15 801 1116 1.73
l084 15 753 412 1.92
l085 15 261 1017 2.77
l086 15 1145 932 2.62
l087 15 973 641 2.37
l088 15 492 848 1.37
l089 15 376 819 1.45
l090 15 657 643 1.56
l091 15 1168 1124 2.63
l092 15 898 200 2.96
l093 140 52 305 1.39
l094 15 996 551 1.04
l095 15 1151 815 1.04
l096 15 581 362 2.76
l097 15 198 545 3.33
l098 58 483 776 1.3
l099 15 686 306 1.88
m000 15 981 148 3.84
m001 15 450 489 4.41
m002 15 300 824 4.04
m003 58 776 829 3.11
m004 15 47 777 4.11
m005 15 58 30 2.07
m006 15 1056 1167 2.48
m007 15 599 1059 3.53
m008 15 835 225 2.1
m009 15 386 1199 3.78
m010 15 1005 154 3.65
m011 142 1101 590 2.56
m012 141 422 490 2.85
m013 15 641 772 1.27
m014 58 657 225 3.82
m015 15 387 841 1.22
m016 142 1180 468 2.17
m017 58 931 132 2.51
m018 15 219 240 2.36
m019 15 1085 988 4.03
m020 58 301 211 1.01
m021 15 230 650 1.57
m022 15 52 895 2.52
m023 15 7 6 2.28
m024 15 1177 938 3.73
m025 15 281 246 1.48
m026 15 58 386 1.34
m027 58 648 280 1.96
m028 15 44 180 1.13
m029 15 1027 752 3.3
m030 58 215 745 1.11
m031 15 369 924 1.79
m032 15 911 103 3.48
m033 15 927 1021 1.54
m034 15 1037 1079 1.51
m035 15 1089 727 1.17
m036 15 1094 798 3.07
m037 15 266 615 4.59
m038 15 760 995 1.8
m039 15 416 691 3.71
m040 15 293 131 2.77
m041 58 304 148 3.57
m042 15 1094 148 1.71
m043 58 702 399 4.73
m044 15 567 493 2.66
m045 58 1038 343 1.63
m046 15 25 35 3.22
m047 15 785 922 4.09
m048 15 1068 1152 4.06
m049 15 1033 254 1.68
m050 15 1065 343 4.69
m051 15 1128 125 2.09
m052 57 823 1104 2.61
m053 15 316 1099 4.76
m054 15 887 442 2.11
m055 15 651 1032 4.24
m056 58 285 610 2.59
m057 15 1029 2 1.92
m058 15 1081 715 3.45
m059 15 333 781 3.85
m060 15 12 1138 1.63
m061 15 466 1128 3.83
m062 15 883 999 2.03
m063 15 435 751 2.76
m064 15 328 450 3.43
m065 15 583 240 2.25
m066 58 234 1026 1.81
m067 15 24 577 4.19
m068 15 1081 328 3.46
m069 58 793 772 3.95
m070 15 562 808 2.56
m071 15 1010 1127 1.24
m072 15 614 1026 3.81
m073 15 829 313 1.57
m074 15 263 550 1.03
m075 15 202 896 4.03
m076 15 382 367 4.8
m077 15 914 1034 3.28
m078 15 901 291 1.48
m079 15 1051 362 1.83
m080 15 1125 819 3.99
m081 15 337 1134 1.08
m082 15 453 135 4.3
m083 15 663 1084 3.83
m084 15 130 906 2.61
m085 15 1109 296 1.38
m086 15 670 43 1.1
m087 141 760 993 2.96
m088 58 760 875 3.54
m089 55 810 556 2.26
m090 15 38 1055 2.29
m091 15 126 184 2.44
m092 15 167 25 3.43
m093 15 448 576 2.7
m094 58 259 544 4.89
m095 15 328 713 2.35
m096 143 1052 322 2.96
m097 15 692 413 3.75
m098 15 421 1163 3.13
m099 15 245 705 1.5
s000 15 115 848 3.75
s001 15 130 640 1.69
s002 15 1150 936 4.1
s003 15 619 1062 2.69
s004 15 70 185 3.8
s005 15 108 131 1.05
s006 15 587 235 3.83
s007 15 758 508 3.31
s008 15 1163 26 3.61
s009 15 1044 169 4.85
s010 58 505 322 2.46
s011 15 1081 442 4.51
s012 15 357 67 3.87
s013 15 250 719 4.23
s014 15 632 1054 1.43
s015 15 895 898 4.54
s016 58 1034 675 1.59
s017 15 124 965 3.08
s018 15 1056 369 2.71
s019 15 308 181 2.12
s020 15 170 638 4.68
s021 15 169 752 4.48
s022 15 613 993 4.7
s023 15 724 631 3.16
s024 143 319 914 3.37
s025 15 128 1178 2.23
s026 15 199 522 4.23
s027 15 122 11 2.38
s028 15 1154 813 1.87
s029 15 806 876 1.24
s030 15 729 706 4.37
s031 15 734 699 3.8
s032 15 741 109 1.64
s033 15 1108 117 4.84
s034 15 1089 265 1.38
s035 15 996 501 3.92
s036 15 513 172 1.3
s037 15 512 243 4.41
s038 15 671 1132 4.11
s039 15 1046 788 2.37
s040 15 903 697 4.86
s041 15 81 841 1.89
s042 15 244 999 1.13
s043 15 147 313 4.9
s044 58 455 869 1.33
s045 15 393 1063 3.3
s046 15 648 1131 2.01
s047 15 75 1079 3.84
s048 142 988 792 2.71
s049 15 930 921 2.36
s050 15 367 611 3.09
s051 58 590 1066 3.81
s052 15 677 1139 1.79
s053 15 890 297 3.29
s054 15 682 482 1.64
s055 15 926 716 4.36
s056 15 840 1074 4.69
s057 15 965 170 2.73
s058 15 815 359 4.49
s059 15 932 222 3.24
s060 15 469 994 3.52
s061 15 608 922 1.56
s062 15 1151 309 3.83
s063 15 871 466 3.53
s064 15 1069 488 4.29
s065 15 38 865 1.12
s066 15 279 789 1.38
s067 15 470 468 2.07
s068 14 735 699 4.52
s069 15 853 212 3.21
s070 15 21 320 4.25
s071 58 388 446 3.82
s072 15 133 433 4.17
s073 141 615 564 2.86
s074 15 27 15 1.62
s075 56 1094 149 3.13
s076 15 194 1019 3.31
s077 15 241 1027 4.91
s078 15 1068 166 3.6
s079 58 700 1091 2.27
s080 58 276 1139 3.81
s081 58 1198 538 4.74
s082 15 737 1145 3.48
s083 15 812 253 4.13
s084 15 363 563 3.44
s085 15 1003 1152 1.64
s086 15 1129 290 4.43
s087 15 273 775 3.84
s088 15 660 1121 4.56
s089 15 838 186 2.77
s090 15 742 872 4.69
s091 15 157 481 2.8
s092 15 285 766 3.48
s093 15 923 986 3.28
s094 15 718 208 4.69
s095 15 702 900 1.43
s096 15 119 1002 1.36
s097 15 802 674 1.35
s098 15 973 517 1.13
s099 15 369 1197 3.87
