f003 800 147 392 1.39
f004 800 235 473 1.43
f002 800 133 433 1.49
f001 800 512 243 1.53
f000 800 144 462 1.55
f009 800 473 462 1.46
f005 800 115 391 1.51
f014 800 450 489 1.31
f012 800 157 481 1.42
f008 800 496 176 1.61
f003 800 147 392 1.39
f004 800 235 473 1.43
f002 800 133 433 1.49
f001 800 512 243 1.53
f000 800 144 462 1.55
f009 800 473 462 1.46
f005 800 115 391 1.51
f014 800 450 489 1.31
f012 800 157 481 1.42
f008 800 496 176 1.61
f011 800 453 135 1.49
f013 800 503 170 1.42
f006 800 126 184 1.71
f017 800 470 468 1.46
f007 800 505 322 1.72
f010 800 422 490 1.59
f015 800 357 67 1.56
f016 800 199 522 1.56
f003 800 147 392 1.39
f004 800 235 473 1.43
f011 800 453 135 1.49
f013 800 503 170 1.42
f006 800 126 184 1.71
f017 800 470 468 1.46
f007 800 505 322 1.72
f010 800 422 490 1.59
f016 800 199 522 1.56
f015 800 357 67 1.56
f002 800 133 433 1.49
f001 800 512 243 1.53
f000 800 144 462 1.55
f027 800 70 185 1.37
f020 800 52 305 1.41
f021 800 263 550 1.41
f018 800 497 447 1.43
f026 800 58 386 1.4
f009 800 473 462 1.46
f019 800 524 409 1.49
f005 800 115 391 1.51
f023 800 513 172 1.57
f027 800 70 185 1.37
f020 800 52 305 1.41
f021 800 263 550 1.41
f018 800 497 447 1.43
f026 800 58 386 1.4
f019 800 524 409 1.49
f023 800 513 172 1.57
f012 800 157 481 1.42
f014 800 450 489 1.31
f024 800 395 58 1.57
f024 800 395 58 1.57
f008 800 496 176 1.61
f011 800 453 135 1.49
f025 800 428 81 1.63
f022 800 259 544 1.7
f013 800 503 170 1.42
f006 800 126 184 1.71
f007 800 505 322 1.72
f017 800 470 468 1.46
f010 800 422 490 1.59
f025 800 428 81 1.63
f022 800 259 544 1.7
f028 800 108 131 1.79
f015 800 357 67 1.56
f016 800 199 522 1.56
f003 800 147 392 1.39
f004 800 235 473 1.43
f002 800 133 433 1.49
f001 800 512 243 1.53
f000 800 144 462 1.55
f028 800 108 131 1.79
f027 800 70 185 1.37
f020 800 52 305 1.41
f021 800 263 550 1.41
f018 800 497 447 1.43
f026 800 58 386 1.4
f009 800 473 462 1.46
f019 800 524 409 1.49
f005 800 115 391 1.51
f023 800 513 172 1.57
f012 800 157 481 1.42
f024 800 395 58 1.57
f014 800 450 489 1.31
f008 800 496 176 1.61
f025 800 428 81 1.63
f011 800 453 135 1.49
f022 800 259 544 1.7
f006 800 126 184 1.71
f007 800 505 322 1.72
f013 800 503 170 1.42
f010 800 422 490 1.59
f017 800 470 468 1.46
f028 800 108 131 1.79
f016 800 199 522 1.56
f015 800 357 67 1.56
f014 800 450 489 1.31
f003 800 147 392 1.39
f004 800 235 473 1.43
f002 800 133 433 1.49
f001 800 512 243 1.53
f014 800 450 489 1.31
f000 800 144 462 1.55
f021 800 263 550 1.41
f020 800 52 305 1.41
f027 800 70 185 1.37
f018 800 497 447 1.43
f026 800 58 386 1.4
f009 800 473 462 1.46
f019 800 524 409 1.49
f005 800 115 391 1.51
f023 800 513 172 1.57
f024 800 395 58 1.57
f008 800 496 176 1.61
f012 800 157 481 1.42
f025 800 428 81 1.63
f006 800 126 184 1.71
f011 800 453 135 1.49
f022 800 259 544 1.7
f007 800 505 322 1.72
f013 800 503 170 1.42
f010 800 422 490 1.59
f017 800 470 468 1.46
f028 800 108 131 1.79
f015 800 357 67 1.56
f016 800 199 522 1.56
f003 800 147 392 1.39
f014 800 450 489 1.31
f004 800 235 473 1.43
f029 800 198 545 1.58
f012 800 157 481 1.42
f029 800 198 545 1.58
f003 800 147 392 1.39
f013 800 503 170 1.42
f031 800 363 563 1.58
f014 800 450 489 1.31
f030 800 116 501 1.79
f009 800 473 462 1.46
f027 800 70 185 1.37
f002 800 133 433 1.49
f004 800 235 473 1.43
f031 800 363 563 1.58
f030 800 116 501 1.79
f017 800 470 468 1.46
f001 800 512 243 1.53
f000 800 144 462 1.55
f012 800 157 481 1.42
f020 800 52 305 1.41
f021 800 263 550 1.41
f018 800 497 447 1.43
f026 800 58 386 1.4
f005 800 115 391 1.51
f019 800 524 409 1.49
f003 800 147 392 1.39
f013 800 503 170 1.42
f011 800 453 135 1.49
f023 800 513 172 1.57
f008 800 496 176 1.61
f024 800 395 58 1.57
f006 800 126 184 1.71
f025 800 428 81 1.63
f007 800 505 322 1.72
f022 800 259 544 1.7
f010 800 422 490 1.59
f028 800 108 131 1.79
f014 800 450 489 1.31
f009 800 473 462 1.46
f016 800 199 522 1.56
f015 800 357 67 1.56
f027 800 70 185 1.37
f002 800 133 433 1.49
f004 800 235 473 1.43
f017 800 470 468 1.46
f033 800 21 320 1.37
f012 800 157 481 1.42
f026 800 58 386 1.4
f003 800 147 392 1.39
f011 800 453 135 1.49
f013 800 503 170 1.42
f021 800 263 550 1.41
f020 800 52 305 1.41
f033 800 21 320 1.37
f005 800 115 391 1.51
f032 800 44 180 1.74
f001 800 512 243 1.53
f014 800 450 489 1.31
f009 800 473 462 1.46
f018 800 497 447 1.43
f029 800 198 545 1.58
f027 800 70 185 1.37
f000 800 144 462 1.55
f032 800 44 180 1.74
f002 800 133 433 1.49
f004 800 235 473 1.43
f031 800 363 563 1.58
f017 800 470 468 1.46
f030 800 116 501 1.79
f012 800 157 481 1.42
f026 800 58 386 1.4
f003 800 147 392 1.39
f011 800 453 135 1.49
f013 800 503 170 1.42
f021 800 263 550 1.41
f020 800 52 305 1.41
f005 800 115 391 1.51
f001 800 512 243 1.53
f014 800 450 489 1.31
f015 800 357 67 1.56
f016 800 199 522 1.56
f009 800 473 462 1.46
f019 800 524 409 1.49
f018 800 497 447 1.43
f027 800 70 185 1.37
f000 800 144 462 1.55
f002 800 133 433 1.49
f023 800 513 172 1.57
f008 800 496 176 1.61
f004 800 235 473 1.43
f010 800 422 490 1.59
f024 800 395 58 1.57
f017 800 470 468 1.46
f006 800 126 184 1.71
f007 800 505 322 1.72
f025 800 428 81 1.63
f022 800 259 544 1.7
f034 800 38 110 1.53
f041 800 448 576 1.31
f051 800 266 615 1.36
f035 800 567 493 1.61
f028 800 108 131 1.79
f037 800 602 243 1.43
f034 800 38 110 1.53
f041 800 448 576 1.31
f051 800 266 615 1.36
f035 800 567 493 1.61
f037 800 602 243 1.43
f049 800 520 526 1.44
f038 800 266 615 1.49
f012 800 157 481 1.42
f039 800 285 610 1.52
f053 800 167 25 1.55
f049 800 520 526 1.44
f038 800 266 615 1.49
f039 800 285 610 1.52
f053 800 167 25 1.55
f050 800 602 243 1.58
f042 800 367 611 1.59
f026 800 58 386 1.4
f052 800 285 610 1.61
f011 800 453 135 1.49
f036 800 520 526 1.71
f050 800 602 243 1.58
f042 800 367 611 1.59
f052 800 285 610 1.61
f036 800 520 526 1.71
f013 800 503 170 1.42
f040 800 167 25 1.74
f055 800 367 611 1.74
f003 800 147 392 1.39
f054 800 448 576 1.78
f020 800 52 305 1.41
f040 800 167 25 1.74
f055 800 367 611 1.74
f054 800 448 576 1.78
f021 800 263 550 1.41
f005 800 115 391 1.51
f001 800 512 243 1.53
f015 800 357 67 1.56
f016 800 199 522 1.56
f014 800 450 489 1.31
f009 800 473 462 1.46
f019 800 524 409 1.49
f018 800 497 447 1.43
f027 800 70 185 1.37
f033 800 21 320 1.37
f000 800 144 462 1.55
f002 800 133 433 1.49
f010 800 422 490 1.59
f017 800 470 468 1.46
f004 800 235 473 1.43
f032 800 44 180 1.74
f008 800 496 176 1.61
f012 800 157 481 1.42
f026 800 58 386 1.4
f011 800 453 135 1.49
f048 800 587 235 1.41
f046 800 581 362 1.45
f013 800 503 170 1.42
f029 800 198 545 1.58
f044 800 586 275 1.48
f045 800 373 589 1.5
f048 800 587 235 1.41
f046 800 581 362 1.45
f044 800 586 275 1.48
f045 800 373 589 1.5
f021 800 263 550 1.41
f020 800 52 305 1.41
f057 800 586 275 1.57
f005 800 115 391 1.51
f056 800 23 382 1.59
f003 800 147 392 1.39
f057 800 586 275 1.57
f056 800 23 382 1.59
f047 800 583 240 1.7
f043 800 23 382 1.71
f059 800 581 362 1.77
f001 800 512 243 1.53
f058 800 373 589 1.8
f031 800 363 563 1.58
f015 800 357 67 1.56
f016 800 199 522 1.56
f047 800 583 240 1.7
f043 800 23 382 1.71
f059 800 581 362 1.77
f058 800 373 589 1.8
f014 800 450 489 1.31
f009 800 473 462 1.46
f019 800 524 409 1.49
f030 800 116 501 1.79
f018 800 497 447 1.43
f027 800 70 185 1.37
f000 800 144 462 1.55
f010 800 422 490 1.59
f002 800 133 433 1.49
f017 800 470 468 1.46
f023 800 513 172 1.57
f004 800 235 473 1.43
f008 800 496 176 1.61
f024 800 395 58 1.57
f012 800 157 481 1.42
f026 800 58 386 1.4
f011 800 453 135 1.49
f013 800 503 170 1.42
f021 800 263 550 1.41
f020 800 52 305 1.41
f005 800 115 391 1.51
f003 800 147 392 1.39
f006 800 126 184 1.71
f007 800 505 322 1.72
f015 800 357 67 1.56
f016 800 199 522 1.56
f001 800 512 243 1.53
f022 800 259 544 1.7
f025 800 428 81 1.63
f014 800 450 489 1.31
f009 800 473 462 1.46
f028 800 108 131 1.79
f019 800 524 409 1.49
f034 800 38 110 1.53
f018 800 497 447 1.43
f035 800 567 493 1.61
f041 800 448 576 1.31
f051 800 266 615 1.36
f027 800 70 185 1.37
f037 800 602 243 1.43
f049 800 520 526 1.44
f038 800 266 615 1.49
f039 800 285 610 1.52
f053 800 167 25 1.55
f050 800 602 243 1.58
f042 800 367 611 1.59
f000 800 144 462 1.55
f052 800 285 610 1.61
f010 800 422 490 1.59
f017 800 470 468 1.46
f036 800 520 526 1.71
f040 800 167 25 1.74
f055 800 367 611 1.74
f054 800 448 576 1.78
f002 800 133 433 1.49
f023 800 513 172 1.57
f008 800 496 176 1.61
f024 800 395 58 1.57
f004 800 235 473 1.43
f012 800 157 481 1.42
f026 800 58 386 1.4
f011 800 453 135 1.49
f013 800 503 170 1.42
f005 800 115 391 1.51
f020 800 52 305 1.41
f021 800 263 550 1.41
f033 800 21 320 1.37
f016 800 199 522 1.56
f015 800 357 67 1.56
f003 800 147 392 1.39
f009 800 473 462 1.46
f014 800 450 489 1.31
f001 800 512 243 1.53
f032 800 44 180 1.74
f019 800 524 409 1.49
f006 800 126 184 1.71
f018 800 497 447 1.43
f027 800 70 185 1.37
f007 800 505 322 1.72
f010 800 422 490 1.59
f017 800 470 468 1.46
f000 800 144 462 1.55
f029 800 198 545 1.58
f048 800 587 235 1.41
f023 800 513 172 1.57
f046 800 581 362 1.45
f044 800 586 275 1.48
f045 800 373 589 1.5
f008 800 496 176 1.61
f024 800 395 58 1.57
f002 800 133 433 1.49
f025 800 428 81 1.63
f057 800 586 275 1.57
f056 800 23 382 1.59
f047 800 583 240 1.7
f043 800 23 382 1.71
f059 800 581 362 1.77
f012 800 157 481 1.42
f058 800 373 589 1.8
f004 800 235 473 1.43
f031 800 363 563 1.58
f026 800 58 386 1.4
f011 800 453 135 1.49
f013 800 503 170 1.42
f030 800 116 501 1.79
f005 800 115 391 1.51
f021 800 263 550 1.41
f020 800 52 305 1.41
f016 800 199 522 1.56
f015 800 357 67 1.56
f014 800 450 489 1.31
f006 800 126 184 1.71
f019 800 524 409 1.49
f009 800 473 462 1.46
f001 800 512 243 1.53
f018 800 497 447 1.43
f003 800 147 392 1.39
f027 800 70 185 1.37
f007 800 505 322 1.72
f010 800 422 490 1.59
f017 800 470 468 1.46
f023 800 513 172 1.57
f008 800 496 176 1.61
f000 800 144 462 1.55
f024 800 395 58 1.57
f025 800 428 81 1.63
f002 800 133 433 1.49
f012 800 157 481 1.42
f022 800 259 544 1.7
f011 800 453 135 1.49
f026 800 58 386 1.4
f028 800 108 131 1.79
f013 800 503 170 1.42
f004 800 235 473 1.43
f020 800 52 305 1.41
f021 800 263 550 1.41
f034 800 38 110 1.53
f035 800 567 493 1.61
f005 800 115 391 1.51
f041 800 448 576 1.31
f051 800 266 615 1.36
f016 800 199 522 1.56
f015 800 357 67 1.56
f037 800 602 243 1.43
f049 800 520 526 1.44
f038 800 266 615 1.49
f039 800 285 610 1.52
f053 800 167 25 1.55
f050 800 602 243 1.58
f042 800 367 611 1.59
f052 800 285 610 1.61
f036 800 520 526 1.71
f040 800 167 25 1.74
f055 800 367 611 1.74
f054 800 448 576 1.78
f006 800 126 184 1.71
f019 800 524 409 1.49
f033 800 21 320 1.37
f018 800 497 447 1.43
f001 800 512 243 1.53
f027 800 70 185 1.37
f009 800 473 462 1.46
f014 800 450 489 1.31
f007 800 505 322 1.72
f010 800 422 490 1.59
f003 800 147 392 1.39
f017 800 470 468 1.46
f008 800 496 176 1.61
f023 800 513 172 1.57
f024 800 395 58 1.57
f025 800 428 81 1.63
f000 800 144 462 1.55
f022 800 259 544 1.7
f002 800 133 433 1.49
f011 800 453 135 1.49
f026 800 58 386 1.4
f013 800 503 170 1.42
f012 800 157 481 1.42
f032 800 44 180 1.74
f021 800 263 550 1.41
f020 800 52 305 1.41
f004 800 235 473 1.43
f015 800 357 67 1.56
f016 800 199 522 1.56
f005 800 115 391 1.51
f006 800 126 184 1.71
f019 800 524 409 1.49
f041 800 448 576 1.31
f029 800 198 545 1.58
f018 800 497 447 1.43
f033 800 21 320 1.37
f048 800 587 235 1.41
f046 800 581 362 1.45
f007 800 505 322 1.72
f044 800 586 275 1.48
f045 800 373 589 1.5
f027 800 70 185 1.37
f057 800 586 275 1.57
f056 800 23 382 1.59
f010 800 422 490 1.59
f047 800 583 240 1.7
f043 800 23 382 1.71
f059 800 581 362 1.77
f058 800 373 589 1.8
f001 800 512 243 1.53
f009 800 473 462 1.46
f017 800 470 468 1.46
f031 800 363 563 1.58
f023 800 513 172 1.57
f014 800 450 489 1.31
f030 800 116 501 1.79
f003 800 147 392 1.39
f024 800 395 58 1.57
f025 800 428 81 1.63
f008 800 496 176 1.61
f022 800 259 544 1.7
f000 800 144 462 1.55
f026 800 58 386 1.4
f020 800 52 305 1.41
f021 800 263 550 1.41
f002 800 133 433 1.49
f011 800 453 135 1.49
f012 800 157 481 1.42
f013 800 503 170 1.42
f016 800 199 522 1.56
f015 800 357 67 1.56
f051 800 266 615 1.36
f006 800 126 184 1.71
f004 800 235 473 1.43
f019 800 524 409 1.49
f041 800 448 576 1.31
f018 800 497 447 1.43
f005 800 115 391 1.51
f033 800 21 320 1.37
f007 800 505 322 1.72
f028 800 108 131 1.79
f027 800 70 185 1.37
f010 800 422 490 1.59
f023 800 513 172 1.57
f024 800 395 58 1.57
f001 800 512 243 1.53
f025 800 428 81 1.63
f017 800 470 468 1.46
f009 800 473 462 1.46
f008 800 496 176 1.61
f034 800 38 110 1.53
f035 800 567 493 1.61
f022 800 259 544 1.7
f003 800 147 392 1.39
f014 800 450 489 1.31
f026 800 58 386 1.4
f037 800 602 243 1.43
f049 800 520 526 1.44
f038 800 266 615 1.49
f000 800 144 462 1.55
f039 800 285 610 1.52
f053 800 167 25 1.55
f050 800 602 243 1.58
f042 800 367 611 1.59
f052 800 285 610 1.61
f036 800 520 526 1.71
f040 800 167 25 1.74
f055 800 367 611 1.74
f054 800 448 576 1.78
f020 800 52 305 1.41
f021 800 263 550 1.41
f015 800 357 67 1.56
f016 800 199 522 1.56
f002 800 133 433 1.49
f011 800 453 135 1.49
f051 800 266 615 1.36
f019 800 524 409 1.49
f013 800 503 170 1.42
f012 800 157 481 1.42
f006 800 126 184 1.71
f018 800 497 447 1.43
f041 800 448 576 1.31
f033 800 21 320 1.37
f028 800 108 131 1.79
f004 800 235 473 1.43
f007 800 505 322 1.72
f027 800 70 185 1.37
f005 800 115 391 1.51
f023 800 513 172 1.57
f010 800 422 490 1.59
f024 800 395 58 1.57
f025 800 428 81 1.63
f032 800 44 180 1.74
f029 800 198 545 1.58
f022 800 259 544 1.7
f001 800 512 243 1.53
f009 800 473 462 1.46
f017 800 470 468 1.46
f008 800 496 176 1.61
f026 800 58 386 1.4
f031 800 363 563 1.58
f020 800 52 305 1.41
f021 800 263 550 1.41
f003 800 147 392 1.39
f014 800 450 489 1.31
f000 800 144 462 1.55
f048 800 587 235 1.41
f046 800 581 362 1.45
f044 800 586 275 1.48
f045 800 373 589 1.5
f057 800 586 275 1.57
f056 800 23 382 1.59
f051 800 266 615 1.36
f047 800 583 240 1.7
f043 800 23 382 1.71
f059 800 581 362 1.77
f058 800 373 589 1.8
f015 800 357 67 1.56
f016 800 199 522 1.56
f019 800 524 409 1.49
f018 800 497 447 1.43
f002 800 133 433 1.49
f011 800 453 135 1.49
f041 800 448 576 1.31
f030 800 116 501 1.79
f006 800 126 184 1.71
f033 800 21 320 1.37
f028 800 108 131 1.79
f027 800 70 185 1.37
f012 800 157 481 1.42
f013 800 503 170 1.42
f037 800 602 243 1.43
f007 800 505 322 1.72
f023 800 513 172 1.57
f025 800 428 81 1.63
f024 800 395 58 1.57
f004 800 235 473 1.43
f005 800 115 391 1.51
f049 800 520 526 1.44
f010 800 422 490 1.59
f029 800 198 545 1.58
f022 800 259 544 1.7
f026 800 58 386 1.4
f001 800 512 243 1.53
f031 800 363 563 1.58
f021 800 263 550 1.41
f020 800 52 305 1.41
f008 800 496 176 1.61
f009 800 473 462 1.46
f017 800 470 468 1.46
f003 800 147 392 1.39
f051 800 266 615 1.36
f000 800 144 462 1.55
f019 800 524 409 1.49
f014 800 450 489 1.31
f028 800 108 131 1.79
f018 800 497 447 1.43
f041 800 448 576 1.31
f048 800 587 235 1.41
f033 800 21 320 1.37
f015 800 357 67 1.56
f016 800 199 522 1.56
f027 800 70 185 1.37
f006 800 126 184 1.71
f037 800 602 243 1.43
f011 800 453 135 1.49
f002 800 133 433 1.49
f023 800 513 172 1.57
f025 800 428 81 1.63
f024 800 395 58 1.57
f038 800 266 615 1.49
f034 800 38 110 1.53
f035 800 567 493 1.61
f007 800 505 322 1.72
f049 800 520 526 1.44
f022 800 259 544 1.7
f012 800 157 481 1.42
f013 800 503 170 1.42
f029 800 198 545 1.58
f039 800 285 610 1.52
f053 800 167 25 1.55
f050 800 602 243 1.58
f042 800 367 611 1.59
f052 800 285 610 1.61
f036 800 520 526 1.71
f054 800 448 576 1.78
f055 800 367 611 1.74
f040 800 167 25 1.74
f005 800 115 391 1.51
f004 800 235 473 1.43
f010 800 422 490 1.59
f026 800 58 386 1.4
f031 800 363 563 1.58
f021 800 263 550 1.41
f020 800 52 305 1.41
f046 800 581 362 1.45
f001 800 512 243 1.53
f008 800 496 176 1.61
f019 800 524 409 1.49
f051 800 266 615 1.36
f028 800 108 131 1.79
f009 800 473 462 1.46
f017 800 470 468 1.46
f018 800 497 447 1.43
f048 800 587 235 1.41
f041 800 448 576 1.31
f033 800 21 320 1.37
f000 800 144 462 1.55
f027 800 70 185 1.37
f032 800 44 180 1.74
f003 800 147 392 1.39
f037 800 602 243 1.43
f023 800 513 172 1.57
f025 800 428 81 1.63
f024 800 395 58 1.57
f038 800 266 615 1.49
f014 800 450 489 1.31
f015 800 357 67 1.56
f016 800 199 522 1.56
f006 800 126 184 1.71
f022 800 259 544 1.7
f044 800 586 275 1.48
f049 800 520 526 1.44
f029 800 198 545 1.58
f011 800 453 135 1.49
f002 800 133 433 1.49
f007 800 505 322 1.72
f026 800 58 386 1.4
f013 800 503 170 1.42
f012 800 157 481 1.42
f031 800 363 563 1.58
f020 800 52 305 1.41
f021 800 263 550 1.41
f058 800 373 589 1.8
f059 800 581 362 1.77
f005 800 115 391 1.51
f043 800 23 382 1.71
f047 800 583 240 1.7
f056 800 23 382 1.59
f057 800 586 275 1.57
f045 800 373 589 1.5
f010 800 422 490 1.59
f004 800 235 473 1.43
f030 800 116 501 1.79
f046 800 581 362 1.45
f039 800 285 610 1.52
f034 800 38 110 1.53
f028 800 108 131 1.79
f019 800 524 409 1.49
f051 800 266 615 1.36
f018 800 497 447 1.43
f001 800 512 243 1.53
f008 800 496 176 1.61
f048 800 587 235 1.41
f033 800 21 320 1.37
f041 800 448 576 1.31
f027 800 70 185 1.37
f023 800 513 172 1.57
f037 800 602 243 1.43
f025 800 428 81 1.63
f017 800 470 468 1.46
f009 800 473 462 1.46
f024 800 395 58 1.57
f038 800 266 615 1.49
f022 800 259 544 1.7
f000 800 144 462 1.55
f044 800 586 275 1.48
f049 800 520 526 1.44
f053 800 167 25 1.55
f029 800 198 545 1.58
f006 800 126 184 1.71
f003 800 147 392 1.39
f015 800 357 67 1.56
f016 800 199 522 1.56
f014 800 450 489 1.31
f007 800 505 322 1.72
f026 800 58 386 1.4
f031 800 363 563 1.58
f002 800 133 433 1.49
f011 800 453 135 1.49
f021 800 263 550 1.41
f020 800 52 305 1.41
f045 800 373 589 1.5
f046 800 581 362 1.45
f039 800 285 610 1.52
f034 800 38 110 1.53
f028 800 108 131 1.79
f012 800 157 481 1.42
f013 800 503 170 1.42
f019 800 524 409 1.49
f050 800 602 243 1.58
f010 800 422 490 1.59
f005 800 115 391 1.51
f051 800 266 615 1.36
f018 800 497 447 1.43
f004 800 235 473 1.43
f048 800 587 235 1.41
f033 800 21 320 1.37
f035 800 567 493 1.61
f042 800 367 611 1.59
f041 800 448 576 1.31
f027 800 70 185 1.37
f023 800 513 172 1.57
f025 800 428 81 1.63
f037 800 602 243 1.43
f024 800 395 58 1.57
f008 800 496 176 1.61
f001 800 512 243 1.53
f022 800 259 544 1.7
f038 800 266 615 1.49
f054 800 448 576 1.78
f055 800 367 611 1.74
f040 800 167 25 1.74
f036 800 520 526 1.71
f052 800 285 610 1.61
f044 800 586 275 1.48
f029 800 198 545 1.58
f053 800 167 25 1.55
f049 800 520 526 1.44
f017 800 470 468 1.46
f009 800 473 462 1.46
f000 800 144 462 1.55
f006 800 126 184 1.71
f026 800 58 386 1.4
f031 800 363 563 1.58
f021 800 263 550 1.41
f020 800 52 305 1.41
f016 800 199 522 1.56
f015 800 357 67 1.56
f045 800 373 589 1.5
f003 800 147 392 1.39
f007 800 505 322 1.72
f028 800 108 131 1.79
f039 800 285 610 1.52
f034 800 38 110 1.53
f046 800 581 362 1.45
f014 800 450 489 1.31
f019 800 524 409 1.49
f011 800 453 135 1.49
f002 800 133 433 1.49
f050 800 602 243 1.58
f032 800 44 180 1.74
f051 800 266 615 1.36
f018 800 497 447 1.43
f057 800 586 275 1.57
f042 800 367 611 1.59
f048 800 587 235 1.41
f033 800 21 320 1.37
f041 800 448 576 1.31
f025 800 428 81 1.63
f023 800 513 172 1.57
f010 800 422 490 1.59
f012 800 157 481 1.42
f013 800 503 170 1.42
f027 800 70 185 1.37
f024 800 395 58 1.57
f005 800 115 391 1.51
f037 800 602 243 1.43
f022 800 259 544 1.7
f038 800 266 615 1.49
f035 800 567 493 1.61
f004 800 235 473 1.43
f029 800 198 545 1.58
f044 800 586 275 1.48
f053 800 167 25 1.55
f049 800 520 526 1.44
f056 800 23 382 1.59
f030 800 116 501 1.79
f008 800 496 176 1.61
f052 800 285 610 1.61
f001 800 512 243 1.53
f058 800 373 589 1.8
f059 800 581 362 1.77
f043 800 23 382 1.71
f047 800 583 240 1.7
f031 800 363 563 1.58
f026 800 58 386 1.4
f021 800 263 550 1.41
f020 800 52 305 1.41
f045 800 373 589 1.5
f017 800 470 468 1.46
f009 800 473 462 1.46
f028 800 108 131 1.79
f006 800 126 184 1.71
f000 800 144 462 1.55
f039 800 285 610 1.52
f034 800 38 110 1.53
f046 800 581 362 1.45
f019 800 524 409 1.49
f050 800 602 243 1.58
f007 800 505 322 1.72
f016 800 199 522 1.56
f015 800 357 67 1.56
f051 800 266 615 1.36
f018 800 497 447 1.43
f057 800 586 275 1.57
f003 800 147 392 1.39
f042 800 367 611 1.59
f033 800 21 320 1.37
f048 800 587 235 1.41
f025 800 428 81 1.63
f023 800 513 172 1.57
f041 800 448 576 1.31
f027 800 70 185 1.37
f024 800 395 58 1.57
f002 800 133 433 1.49
f011 800 453 135 1.49
f022 800 259 544 1.7
f037 800 602 243 1.43
f014 800 450 489 1.31
f035 800 567 493 1.61
f038 800 266 615 1.49
f029 800 198 545 1.58
f053 800 167 25 1.55
f044 800 586 275 1.48
f049 800 520 526 1.44
f056 800 23 382 1.59
f030 800 116 501 1.79
f010 800 422 490 1.59
f052 800 285 610 1.61
f013 800 503 170 1.42
f012 800 157 481 1.42
f005 800 115 391 1.51
f031 800 363 563 1.58
f026 800 58 386 1.4
f004 800 235 473 1.43
f020 800 52 305 1.41
f021 800 263 550 1.41
f032 800 44 180 1.74
f008 800 496 176 1.61
f028 800 108 131 1.79
f045 800 373 589 1.5
f001 800 512 243 1.53
f034 800 38 110 1.53
f039 800 285 610 1.52
f046 800 581 362 1.45
f019 800 524 409 1.49
f050 800 602 243 1.58
f051 800 266 615 1.36
f006 800 126 184 1.71
f018 800 497 447 1.43
f057 800 586 275 1.57
f009 800 473 462 1.46
f017 800 470 468 1.46
f042 800 367 611 1.59
f000 800 144 462 1.55
f025 800 428 81 1.63
f023 800 513 172 1.57
f048 800 587 235 1.41
f033 800 21 320 1.37
f054 800 448 576 1.78
f055 800 367 611 1.74
f040 800 167 25 1.74
f036 800 520 526 1.71
f024 800 395 58 1.57
f007 800 505 322 1.72
f041 800 448 576 1.31
f022 800 259 544 1.7
f027 800 70 185 1.37
f037 800 602 243 1.43
f016 800 199 522 1.56
f015 800 357 67 1.56
f038 800 266 615 1.49
f035 800 567 493 1.61
f029 800 198 545 1.58
f053 800 167 25 1.55
f044 800 586 275 1.48
f030 800 116 501 1.79
f049 800 520 526 1.44
f003 800 147 392 1.39
f056 800 23 382 1.59
f052 800 285 610 1.61
f011 800 453 135 1.49
f002 800 133 433 1.49
f031 800 363 563 1.58
f026 800 58 386 1.4
f014 800 450 489 1.31
f028 800 108 131 1.79
f010 800 422 490 1.59
f032 800 44 180 1.74
f021 800 263 550 1.41
f020 800 52 305 1.41
f045 800 373 589 1.5
f034 800 38 110 1.53
f005 800 115 391 1.51
f039 800 285 610 1.52
f013 800 503 170 1.42
f012 800 157 481 1.42
f046 800 581 362 1.45
f019 800 524 409 1.49
f050 800 602 243 1.58
f004 800 235 473 1.43
f008 800 496 176 1.61
f018 800 497 447 1.43
f051 800 266 615 1.36
f057 800 586 275 1.57
f025 800 428 81 1.63
f042 800 367 611 1.59
f023 800 513 172 1.57
f001 800 512 243 1.53
f048 800 587 235 1.41
f022 800 259 544 1.7
f033 800 21 320 1.37
f024 800 395 58 1.57
f041 800 448 576 1.31
f037 800 602 243 1.43
f006 800 126 184 1.71
f038 800 266 615 1.49
f035 800 567 493 1.61
f029 800 198 545 1.58
f036 800 520 526 1.71
f030 800 116 501 1.79
f053 800 167 25 1.55
f044 800 586 275 1.48
f049 800 520 526 1.44
f056 800 23 382 1.59
f000 800 144 462 1.55
f007 800 505 322 1.72
f009 800 473 462 1.46
f017 800 470 468 1.46
f058 800 373 589 1.8
f059 800 581 362 1.77
f052 800 285 610 1.61
f027 800 70 185 1.37
f043 800 23 382 1.71
f047 800 583 240 1.7
f031 800 363 563 1.58
f016 800 199 522 1.56
f015 800 357 67 1.56
f028 800 108 131 1.79
f032 800 44 180 1.74
f045 800 373 589 1.5
f003 800 147 392 1.39
f034 800 38 110 1.53
f039 800 285 610 1.52
f046 800 581 362 1.45
f002 800 133 433 1.49
f011 800 453 135 1.49
f019 800 524 409 1.49
f050 800 602 243 1.58
f040 800 167 25 1.74
f055 800 367 611 1.74
f026 800 58 386 1.4
f010 800 422 490 1.59
f014 800 450 489 1.31
f057 800 586 275 1.57
f051 800 266 615 1.36
f020 800 52 305 1.41
f021 800 263 550 1.41
f025 800 428 81 1.63
f042 800 367 611 1.59
f023 800 513 172 1.57
f022 800 259 544 1.7
f048 800 587 235 1.41
f024 800 395 58 1.57
f005 800 115 391 1.51
f033 800 21 320 1.37
f013 800 503 170 1.42
f012 800 157 481 1.42
f041 800 448 576 1.31
f037 800 602 243 1.43
f035 800 567 493 1.61
f038 800 266 615 1.49
f029 800 198 545 1.58
f030 800 116 501 1.79
f008 800 496 176 1.61
f036 800 520 526 1.71
f053 800 167 25 1.55
f004 800 235 473 1.43
f018 800 497 447 1.43
f044 800 586 275 1.48
f049 800 520 526 1.44
f056 800 23 382 1.59
f052 800 285 610 1.61
f001 800 512 243 1.53
f047 800 583 240 1.7
f006 800 126 184 1.71
f031 800 363 563 1.58
f028 800 108 131 1.79
f032 800 44 180 1.74
f054 800 448 576 1.78
f043 800 23 382 1.71
f007 800 505 322 1.72
f045 800 373 589 1.5
f000 800 144 462 1.55
f017 800 470 468 1.46
f009 800 473 462 1.46
f034 800 38 110 1.53
f039 800 285 610 1.52
f046 800 581 362 1.45
f050 800 602 243 1.58
f027 800 70 185 1.37
f055 800 367 611 1.74
f040 800 167 25 1.74
f015 800 357 67 1.56
f016 800 199 522 1.56
f057 800 586 275 1.57
f025 800 428 81 1.63
f051 800 266 615 1.36
f042 800 367 611 1.59
f023 800 513 172 1.57
f022 800 259 544 1.7
f024 800 395 58 1.57
f048 800 587 235 1.41
f003 800 147 392 1.39
f033 800 21 320 1.37
f002 800 133 433 1.49
f019 800 524 409 1.49
f011 800 453 135 1.49
f037 800 602 243 1.43
f035 800 567 493 1.61
f041 800 448 576 1.31
f030 800 116 501 1.79
f038 800 266 615 1.49
f029 800 198 545 1.58
f026 800 58 386 1.4
f036 800 520 526 1.71
f053 800 167 25 1.55
f010 800 422 490 1.59
f044 800 586 275 1.48
f056 800 23 382 1.59
f049 800 520 526 1.44
f052 800 285 610 1.61
f021 800 263 550 1.41
f020 800 52 305 1.41
f047 800 583 240 1.7
f014 800 450 489 1.31
f005 800 115 391 1.51
f031 800 363 563 1.58
f028 800 108 131 1.79
f013 800 503 170 1.42
f012 800 157 481 1.42
f032 800 44 180 1.74
f054 800 448 576 1.78
f008 800 496 176 1.61
f043 800 23 382 1.71
f045 800 373 589 1.5
f018 800 497 447 1.43
f004 800 235 473 1.43
f034 800 38 110 1.53
f039 800 285 610 1.52
f059 800 581 362 1.77
f001 800 512 243 1.53
f006 800 126 184 1.71
f046 800 581 362 1.45
f050 800 602 243 1.58
f040 800 167 25 1.74
f055 800 367 611 1.74
f007 800 505 322 1.72
f057 800 586 275 1.57
f025 800 428 81 1.63
f042 800 367 611 1.59
f022 800 259 544 1.7
f051 800 266 615 1.36
f000 800 144 462 1.55
f048 800 587 235 1.41
f017 800 470 468 1.46
f009 800 473 462 1.46
f033 800 21 320 1.37
f030 800 116 501 1.79
f035 800 567 493 1.61
f037 800 602 243 1.43
f029 800 198 545 1.58
f038 800 266 615 1.49
f041 800 448 576 1.31
f015 800 357 67 1.56
f016 800 199 522 1.56
f036 800 520 526 1.71
f053 800 167 25 1.55
f027 800 70 185 1.37
f056 800 23 382 1.59
f044 800 586 275 1.48
f058 800 373 589 1.8
f052 800 285 610 1.61
f049 800 520 526 1.44
f024 800 395 58 1.57
f023 800 513 172 1.57
f047 800 583 240 1.7
f031 800 363 563 1.58
f028 800 108 131 1.79
f032 800 44 180 1.74
f003 800 147 392 1.39
f011 800 453 135 1.49
f019 800 524 409 1.49
f002 800 133 433 1.49
f054 800 448 576 1.78
f043 800 23 382 1.71
f010 800 422 490 1.59
f045 800 373 589 1.5
f026 800 58 386 1.4
f034 800 38 110 1.53
f039 800 285 610 1.52
f059 800 581 362 1.77
f040 800 167 25 1.74
f055 800 367 611 1.74
f050 800 602 243 1.58
f046 800 581 362 1.45
f020 800 52 305 1.41
f021 800 263 550 1.41
f005 800 115 391 1.51
f014 800 450 489 1.31
f057 800 586 275 1.57
f008 800 496 176 1.61
f042 800 367 611 1.59
f012 800 157 481 1.42
f013 800 503 170 1.42
f022 800 259 544 1.7
f051 800 266 615 1.36
f006 800 126 184 1.71
f030 800 116 501 1.79
f048 800 587 235 1.41
f004 800 235 473 1.43
f018 800 497 447 1.43
f035 800 567 493 1.61
f033 800 21 320 1.37
f001 800 512 243 1.53
f036 800 520 526 1.71
f037 800 602 243 1.43
f029 800 198 545 1.58
f038 800 266 615 1.49
f041 800 448 576 1.31
f053 800 167 25 1.55
f025 800 428 81 1.63
f007 800 505 322 1.72
f056 800 23 382 1.59
f058 800 373 589 1.8
f044 800 586 275 1.48
f052 800 285 610 1.61
f047 800 583 240 1.7
f049 800 520 526 1.44
f031 800 363 563 1.58
f028 800 108 131 1.79
f000 800 144 462 1.55
f032 800 44 180 1.74
f054 800 448 576 1.78
f043 800 23 382 1.71
f017 800 470 468 1.46
f009 800 473 462 1.46
f015 800 357 67 1.56
f016 800 199 522 1.56
f045 800 373 589 1.5
f034 800 38 110 1.53
f039 800 285 610 1.52
f059 800 581 362 1.77
f027 800 70 185 1.37
f040 800 167 25 1.74
f055 800 367 611 1.74
f024 800 395 58 1.57
f023 800 513 172 1.57
f050 800 602 243 1.58
f046 800 581 362 1.45
f057 800 586 275 1.57
f042 800 367 611 1.59
f011 800 453 135 1.49
f019 800 524 409 1.49
f002 800 133 433 1.49
f003 800 147 392 1.39
f010 800 422 490 1.59
f051 800 266 615 1.36
f030 800 116 501 1.79
f048 800 587 235 1.41
f035 800 567 493 1.61
f036 800 520 526 1.71
f026 800 58 386 1.4
f033 800 21 320 1.37
f029 800 198 545 1.58
f037 800 602 243 1.43
f038 800 266 615 1.49
f053 800 167 25 1.55
f041 800 448 576 1.31
f056 800 23 382 1.59
f005 800 115 391 1.51
f058 800 373 589 1.8
f021 800 263 550 1.41
f020 800 52 305 1.41
f052 800 285 610 1.61
f022 800 259 544 1.7
f044 800 586 275 1.48
f047 800 583 240 1.7
f008 800 496 176 1.61
f049 800 520 526 1.44
f014 800 450 489 1.31
f028 800 108 131 1.79
f031 800 363 563 1.58
f012 800 157 481 1.42
f013 800 503 170 1.42
f032 800 44 180 1.74
f006 800 126 184 1.71
f054 800 448 576 1.78
f043 800 23 382 1.71
f001 800 512 243 1.53
f018 800 497 447 1.43
f004 800 235 473 1.43
f007 800 505 322 1.72
f025 800 428 81 1.63
f045 800 373 589 1.5
f059 800 581 362 1.77
f040 800 167 25 1.74
f055 800 367 611 1.74
f034 800 38 110 1.53
f039 800 285 610 1.52
f050 800 602 243 1.58
f046 800 581 362 1.45
f000 800 144 462 1.55
f057 800 586 275 1.57
f042 800 367 611 1.59
f017 800 470 468 1.46
f009 800 473 462 1.46
f015 800 357 67 1.56
f016 800 199 522 1.56
f030 800 116 501 1.79
f051 800 266 615 1.36
f035 800 567 493 1.61
f036 800 520 526 1.71
f048 800 587 235 1.41
f029 800 198 545 1.58
f024 800 395 58 1.57
f023 800 513 172 1.57
f033 800 21 320 1.37
f037 800 602 243 1.43
f038 800 266 615 1.49
f027 800 70 185 1.37
f058 800 373 589 1.8
f053 800 167 25 1.55
f056 800 23 382 1.59
f041 800 448 576 1.31
f047 800 583 240 1.7
f052 800 285 610 1.61
f044 800 586 275 1.48
f049 800 520 526 1.44
f032 800 44 180 1.74
f031 800 363 563 1.58
f054 800 448 576 1.78
f011 800 453 135 1.49
f002 800 133 433 1.49
f019 800 524 409 1.49
f010 800 422 490 1.59
f043 800 23 382 1.71
f003 800 147 392 1.39
f059 800 581 362 1.77
f026 800 58 386 1.4
f045 800 373 589 1.5
f040 800 167 25 1.74
f055 800 367 611 1.74
f028 800 108 131 1.79
f022 800 259 544 1.7
f034 800 38 110 1.53
f039 800 285 610 1.52
f005 800 115 391 1.51
f050 800 602 243 1.58
f008 800 496 176 1.61
f021 800 263 550 1.41
f020 800 52 305 1.41
f046 800 581 362 1.45
f006 800 126 184 1.71
f057 800 586 275 1.57
f014 800 450 489 1.31
f042 800 367 611 1.59
f013 800 503 170 1.42
f012 800 157 481 1.42
f030 800 116 501 1.79
f007 800 505 322 1.72
f001 800 512 243 1.53
f025 800 428 81 1.63
f051 800 266 615 1.36
f004 800 235 473 1.43
f018 800 497 447 1.43
f036 800 520 526 1.71
f035 800 567 493 1.61
f048 800 587 235 1.41
f029 800 198 545 1.58
f058 800 373 589 1.8
f033 800 21 320 1.37
f038 800 266 615 1.49
f037 800 602 243 1.43
f053 800 167 25 1.55
f056 800 23 382 1.59
f047 800 583 240 1.7
f052 800 285 610 1.61
f041 800 448 576 1.31
f044 800 586 275 1.48
f000 800 144 462 1.55
f032 800 44 180 1.74
f049 800 520 526 1.44
f054 800 448 576 1.78
f031 800 363 563 1.58
f043 800 23 382 1.71
f015 800 357 67 1.56
f016 800 199 522 1.56
f009 800 473 462 1.46
f017 800 470 468 1.46
f059 800 581 362 1.77
f040 800 167 25 1.74
f055 800 367 611 1.74
f024 800 395 58 1.57
f023 800 513 172 1.57
f045 800 373 589 1.5
f034 800 38 110 1.53
f039 800 285 610 1.52
f050 800 602 243 1.58
f027 800 70 185 1.37
f046 800 581 362 1.45
f057 800 586 275 1.57
f042 800 367 611 1.59
f010 800 422 490 1.59
f019 800 524 409 1.49
f011 800 453 135 1.49
f002 800 133 433 1.49
f030 800 116 501 1.79
f003 800 147 392 1.39
f036 800 520 526 1.71
f028 800 108 131 1.79
f035 800 567 493 1.61
f051 800 266 615 1.36
f022 800 259 544 1.7
f058 800 373 589 1.8
f029 800 198 545 1.58
f048 800 587 235 1.41
f026 800 58 386 1.4
f038 800 266 615 1.49
f033 800 21 320 1.37
f037 800 602 243 1.43
f008 800 496 176 1.61
f053 800 167 25 1.55
f047 800 583 240 1.7
f056 800 23 382 1.59
f005 800 115 391 1.51
f052 800 285 610 1.61
f006 800 126 184 1.71
f041 800 448 576 1.31
f021 800 263 550 1.41
f020 800 52 305 1.41
f044 800 586 275 1.48
f032 800 44 180 1.74
f054 800 448 576 1.78
f049 800 520 526 1.44
f031 800 363 563 1.58
f043 800 23 382 1.71
f007 800 505 322 1.72
f013 800 503 170 1.42
f012 800 157 481 1.42
f014 800 450 489 1.31
f025 800 428 81 1.63
f001 800 512 243 1.53
f059 800 581 362 1.77
f055 800 367 611 1.74
f040 800 167 25 1.74
f004 800 235 473 1.43
f018 800 497 447 1.43
f045 800 373 589 1.5
f034 800 38 110 1.53
f039 800 285 610 1.52
f050 800 602 243 1.58
f046 800 581 362 1.45
f000 800 144 462 1.55
f057 800 586 275 1.57
f042 800 367 611 1.59
f030 800 116 501 1.79
f016 800 199 522 1.56
f015 800 357 67 1.56
f036 800 520 526 1.71
f017 800 470 468 1.46
f009 800 473 462 1.46
f035 800 567 493 1.61
f058 800 373 589 1.8
f051 800 266 615 1.36
f024 800 395 58 1.57
f023 800 513 172 1.57
f029 800 198 545 1.58
f048 800 587 235 1.41
f047 800 583 240 1.7
f038 800 266 615 1.49
f053 800 167 25 1.55
f056 800 23 382 1.59
f033 800 21 320 1.37
f037 800 602 243 1.43
f052 800 285 610 1.61
f054 800 448 576 1.78
f027 800 70 185 1.37
f032 800 44 180 1.74
f044 800 586 275 1.48
f041 800 448 576 1.31
f043 800 23 382 1.71
f031 800 363 563 1.58
f049 800 520 526 1.44
f010 800 422 490 1.59
f002 800 133 433 1.49
f011 800 453 135 1.49
f019 800 524 409 1.49
f028 800 108 131 1.79
f059 800 581 362 1.77
f055 800 367 611 1.74
f040 800 167 25 1.74
f022 800 259 544 1.7
f003 800 147 392 1.39
f045 800 373 589 1.5
f034 800 38 110 1.53
f039 800 285 610 1.52
f008 800 496 176 1.61
f006 800 126 184 1.71
f050 800 602 243 1.58
f026 800 58 386 1.4
f005 800 115 391 1.51
f046 800 581 362 1.45
f057 800 586 275 1.57
f007 800 505 322 1.72
f020 800 52 305 1.41
f021 800 263 550 1.41
f030 800 116 501 1.79
f042 800 367 611 1.59
f036 800 520 526 1.71
f025 800 428 81 1.63
f013 800 503 170 1.42
f012 800 157 481 1.42
f035 800 567 493 1.61
f058 800 373 589 1.8
f001 800 512 243 1.53
f014 800 450 489 1.31
f051 800 266 615 1.36
f029 800 198 545 1.58
f048 800 587 235 1.41
f018 800 497 447 1.43
f004 800 235 473 1.43
f047 800 583 240 1.7
f056 800 23 382 1.59
f038 800 266 615 1.49
f053 800 167 25 1.55
f052 800 285 610 1.61
f037 800 602 243 1.43
f033 800 21 320 1.37
f054 800 448 576 1.78
f032 800 44 180 1.74
f044 800 586 275 1.48
f000 800 144 462 1.55
f043 800 23 382 1.71
f041 800 448 576 1.31
f031 800 363 563 1.58
f049 800 520 526 1.44
f059 800 581 362 1.77
f015 800 357 67 1.56
f016 800 199 522 1.56
f040 800 167 25 1.74
f055 800 367 611 1.74
f017 800 470 468 1.46
f009 800 473 462 1.46
f023 800 513 172 1.57
f024 800 395 58 1.57
f045 800 373 589 1.5
f034 800 38 110 1.53
f039 800 285 610 1.52
f050 800 602 243 1.58
f046 800 581 362 1.45
f030 800 116 501 1.79
f057 800 586 275 1.57
f042 800 367 611 1.59
f027 800 70 185 1.37
f028 800 108 131 1.79
f010 800 422 490 1.59
f036 800 520 526 1.71
f058 800 373 589 1.8
f035 800 567 493 1.61
f019 800 524 409 1.49
f002 800 133 433 1.49
f011 800 453 135 1.49
f022 800 259 544 1.7
f029 800 198 545 1.58
f051 800 266 615 1.36
f047 800 583 240 1.7
f048 800 587 235 1.41
f056 800 23 382 1.59
f003 800 147 392 1.39
f053 800 167 25 1.55
f006 800 126 184 1.71
f038 800 266 615 1.49
f052 800 285 610 1.61
f008 800 496 176 1.61
f054 800 448 576 1.78
f037 800 602 243 1.43
f033 800 21 320 1.37
f032 800 44 180 1.74
f005 800 115 391 1.51
f044 800 586 275 1.48
f043 800 23 382 1.71
f026 800 58 386 1.4
f007 800 505 322 1.72
f031 800 363 563 1.58
f041 800 448 576 1.31
f049 800 520 526 1.44
f059 800 581 362 1.77
f020 800 52 305 1.41
f021 800 263 550 1.41
f040 800 167 25 1.74
f055 800 367 611 1.74
f025 800 428 81 1.63
f001 800 512 243 1.53
f013 800 503 170 1.42
f012 800 157 481 1.42
f045 800 373 589 1.5
f034 800 38 110 1.53
f014 800 450 489 1.31
f050 800 602 243 1.58
f039 800 285 610 1.52
f004 800 235 473 1.43
f018 800 497 447 1.43
f030 800 116 501 1.79
f046 800 581 362 1.45
f057 800 586 275 1.57
f042 800 367 611 1.59
f000 800 144 462 1.55
f036 800 520 526 1.71
f058 800 373 589 1.8
f035 800 567 493 1.61
f016 800 199 522 1.56
f015 800 357 67 1.56
f029 800 198 545 1.58
f047 800 583 240 1.7
f051 800 266 615 1.36
f056 800 23 382 1.59
f048 800 587 235 1.41
f053 800 167 25 1.55
f009 800 473 462 1.46
f017 800 470 468 1.46
f052 800 285 610 1.61
f054 800 448 576 1.78
f024 800 395 58 1.57
f023 800 513 172 1.57
f038 800 266 615 1.49
f032 800 44 180 1.74
f037 800 602 243 1.43
f033 800 21 320 1.37
f043 800 23 382 1.71
f044 800 586 275 1.48
f031 800 363 563 1.58
f059 800 581 362 1.77
f041 800 448 576 1.31
f049 800 520 526 1.44
f028 800 108 131 1.79
f055 800 367 611 1.74
f040 800 167 25 1.74
f010 800 422 490 1.59
f027 800 70 185 1.37
f022 800 259 544 1.7
f002 800 133 433 1.49
f011 800 453 135 1.49
f019 800 524 409 1.49
f045 800 373 589 1.5
f034 800 38 110 1.53
f050 800 602 243 1.58
f039 800 285 610 1.52
f006 800 126 184 1.71
f030 800 116 501 1.79
f008 800 496 176 1.61
f003 800 147 392 1.39
f057 800 586 275 1.57
f046 800 581 362 1.45
f042 800 367 611 1.59
f007 800 505 322 1.72
f005 800 115 391 1.51
f036 800 520 526 1.71
f058 800 373 589 1.8
f026 800 58 386 1.4
f035 800 567 493 1.61
f025 800 428 81 1.63
f047 800 583 240 1.7
f029 800 198 545 1.58
f020 800 52 305 1.41
f021 800 263 550 1.41
f054 800 448 576 1.78
f056 800 23 382 1.59
f051 800 266 615 1.36
f052 800 285 610 1.61
f053 800 167 25 1.55
f032 800 44 180 1.74
f048 800 587 235 1.41
f038 800 266 615 1.49
f001 800 512 243 1.53
f013 800 503 170 1.42
f012 800 157 481 1.42
f037 800 602 243 1.43
f043 800 23 382 1.71
f033 800 21 320 1.37
f044 800 586 275 1.48
f031 800 363 563 1.58
f059 800 581 362 1.77
f014 800 450 489 1.31
f004 800 235 473 1.43
f018 800 497 447 1.43
f049 800 520 526 1.44
f041 800 448 576 1.31
f040 800 167 25 1.74
f055 800 367 611 1.74
f000 800 144 462 1.55
f016 800 199 522 1.56
f015 800 357 67 1.56
f045 800 373 589 1.5
f034 800 38 110 1.53
f050 800 602 243 1.58
f039 800 285 610 1.52
f030 800 116 501 1.79
f023 800 513 172 1.57
f024 800 395 58 1.57
f057 800 586 275 1.57
f009 800 473 462 1.46
f017 800 470 468 1.46
f042 800 367 611 1.59
f046 800 581 362 1.45
f058 800 373 589 1.8
f036 800 520 526 1.71
f028 800 108 131 1.79
f035 800 567 493 1.61
f047 800 583 240 1.7
f010 800 422 490 1.59
f029 800 198 545 1.58
f022 800 259 544 1.7
f054 800 448 576 1.78
f056 800 23 382 1.59
f032 800 44 180 1.74
f052 800 285 610 1.61
f053 800 167 25 1.55
f051 800 266 615 1.36
f048 800 587 235 1.41
f038 800 266 615 1.49
f027 800 70 185 1.37
f043 800 23 382 1.71
f002 800 133 433 1.49
f011 800 453 135 1.49
f019 800 524 409 1.49
f037 800 602 243 1.43
f006 800 126 184 1.71
f033 800 21 320 1.37
f059 800 581 362 1.77
f044 800 586 275 1.48
f031 800 363 563 1.58
f008 800 496 176 1.61
f040 800 167 25 1.74
f055 800 367 611 1.74
f049 800 520 526 1.44
f007 800 505 322 1.72
f041 800 448 576 1.31
f003 800 147 392 1.39
f005 800 115 391 1.51
f026 800 58 386 1.4
f045 800 373 589 1.5
f050 800 602 243 1.58
f034 800 38 110 1.53
f025 800 428 81 1.63
f039 800 285 610 1.52
f030 800 116 501 1.79
f020 800 52 305 1.41
f021 800 263 550 1.41
f057 800 586 275 1.57
f042 800 367 611 1.59
f001 800 512 243 1.53
f058 800 373 589 1.8
f046 800 581 362 1.45
f036 800 520 526 1.71
f013 800 503 170 1.42
f012 800 157 481 1.42
f035 800 567 493 1.61
f047 800 583 240 1.7
f004 800 235 473 1.43
f018 800 497 447 1.43
f014 800 450 489 1.31
f029 800 198 545 1.58
f054 800 448 576 1.78
f000 800 144 462 1.55
f032 800 44 180 1.74
f056 800 23 382 1.59
f052 800 285 610 1.61
f053 800 167 25 1.55
f051 800 266 615 1.36
f038 800 266 615 1.49
f043 800 23 382 1.71
f048 800 587 235 1.41
f037 800 602 243 1.43
f016 800 199 522 1.56
f015 800 357 67 1.56
f059 800 581 362 1.77
f033 800 21 320 1.37
f031 800 363 563 1.58
f044 800 586 275 1.48
f055 800 367 611 1.74
f040 800 167 25 1.74
f024 800 395 58 1.57
f023 800 513 172 1.57
f049 800 520 526 1.44
f041 800 448 576 1.31
f028 800 108 131 1.79
f017 800 470 468 1.46
f009 800 473 462 1.46
f045 800 373 589 1.5
f050 800 602 243 1.58
f034 800 38 110 1.53
f030 800 116 501 1.79
f039 800 285 610 1.52
f010 800 422 490 1.59
f022 800 259 544 1.7
f057 800 586 275 1.57
f058 800 373 589 1.8
f042 800 367 611 1.59
f036 800 520 526 1.71
f046 800 581 362 1.45
f006 800 126 184 1.71
f027 800 70 185 1.37
f002 800 133 433 1.49
f011 800 453 135 1.49
f019 800 524 409 1.49
f035 800 567 493 1.61
f008 800 496 176 1.61
f047 800 583 240 1.7
f007 800 505 322 1.72
f054 800 448 576 1.78
f029 800 198 545 1.58
f032 800 44 180 1.74
f056 800 23 382 1.59
f052 800 285 610 1.61
f053 800 167 25 1.55
f043 800 23 382 1.71
f003 800 147 392 1.39
f038 800 266 615 1.49
f005 800 115 391 1.51
f051 800 266 615 1.36
f048 800 587 235 1.41
f059 800 581 362 1.77
f037 800 602 243 1.43
f025 800 428 81 1.63
f033 800 21 320 1.37
f031 800 363 563 1.58
f044 800 586 275 1.48
f026 800 58 386 1.4
f040 800 167 25 1.74
f055 800 367 611 1.74
f049 800 520 526 1.44
f041 800 448 576 1.31
f020 800 52 305 1.41
f021 800 263 550 1.41
f001 800 512 243 1.53
f012 800 157 481 1.42
f013 800 503 170 1.42
f030 800 116 501 1.79
f050 800 602 243 1.58
f045 800 373 589 1.5
f034 800 38 110 1.53
f039 800 285 610 1.52
f058 800 373 589 1.8
f018 800 497 447 1.43
f004 800 235 473 1.43
f057 800 586 275 1.57
f000 800 144 462 1.55
f042 800 367 611 1.59
f036 800 520 526 1.71
f014 800 450 489 1.31
f046 800 581 362 1.45
f016 800 199 522 1.56
f015 800 357 67 1.56
f035 800 567 493 1.61
f047 800 583 240 1.7
f054 800 448 576 1.78
f029 800 198 545 1.58
f028 800 108 131 1.79
f032 800 44 180 1.74
f024 800 395 58 1.57
f023 800 513 172 1.57
f056 800 23 382 1.59
f052 800 285 610 1.61
f043 800 23 382 1.71
f053 800 167 25 1.55
f017 800 470 468 1.46
f009 800 473 462 1.46
f038 800 266 615 1.49
f059 800 581 362 1.77
f051 800 266 615 1.36
f048 800 587 235 1.41
f037 800 602 243 1.43
f031 800 363 563 1.58
f040 800 167 25 1.74
f055 800 367 611 1.74
f033 800 21 320 1.37
f044 800 586 275 1.48
f022 800 259 544 1.7
f010 800 422 490 1.59
f049 800 520 526 1.44
f006 800 126 184 1.71
f041 800 448 576 1.31
f030 800 116 501 1.79
f011 800 453 135 1.49
f002 800 133 433 1.49
f019 800 524 409 1.49
f050 800 602 243 1.58
f007 800 505 322 1.72
f045 800 373 589 1.5
f034 800 38 110 1.53
f027 800 70 185 1.37
f008 800 496 176 1.61
f039 800 285 610 1.52
f058 800 373 589 1.8
f057 800 586 275 1.57
f036 800 520 526 1.71
f042 800 367 611 1.59
f046 800 581 362 1.45
f005 800 115 391 1.51
f035 800 567 493 1.61
f003 800 147 392 1.39
f047 800 583 240 1.7
f025 800 428 81 1.63
f054 800 448 576 1.78
f029 800 198 545 1.58
f032 800 44 180 1.74
f026 800 58 386 1.4
f056 800 23 382 1.59
f052 800 285 610 1.61
f043 800 23 382 1.71
f053 800 167 25 1.55
f059 800 581 362 1.77
f038 800 266 615 1.49
f001 800 512 243 1.53
f020 800 52 305 1.41
f021 800 263 550 1.41
f051 800 266 615 1.36
f048 800 587 235 1.41
f040 800 167 25 1.74
f055 800 367 611 1.74
f037 800 602 243 1.43
f031 800 363 563 1.58
f044 800 586 275 1.48
f033 800 21 320 1.37
f013 800 503 170 1.42
f012 800 157 481 1.42
f049 800 520 526 1.44
f000 800 144 462 1.55
f041 800 448 576 1.31
f018 800 497 447 1.43
f004 800 235 473 1.43
f030 800 116 501 1.79
f014 800 450 489 1.31
f050 800 602 243 1.58
f045 800 373 589 1.5
f016 800 199 522 1.56
f015 800 357 67 1.56
f034 800 38 110 1.53
f039 800 285 610 1.52
f058 800 373 589 1.8
f028 800 108 131 1.79
f036 800 520 526 1.71
f057 800 586 275 1.57
f042 800 367 611 1.59
f024 800 395 58 1.57
f023 800 513 172 1.57
f046 800 581 362 1.45
f035 800 567 493 1.61
f047 800 583 240 1.7
f009 800 473 462 1.46
f017 800 470 468 1.46
f054 800 448 576 1.78
f022 800 259 544 1.7
f032 800 44 180 1.74
f029 800 198 545 1.58
f010 800 422 490 1.59
f056 800 23 382 1.59
f043 800 23 382 1.71
f052 800 285 610 1.61
f059 800 581 362 1.77
f053 800 167 25 1.55
f006 800 126 184 1.71
f038 800 266 615 1.49
f048 800 587 235 1.41
f040 800 167 25 1.74
f055 800 367 611 1.74
f051 800 266 615 1.36
f037 800 602 243 1.43
f031 800 363 563 1.58
f007 800 505 322 1.72
f044 800 586 275 1.48
f033 800 21 320 1.37
f019 800 524 409 1.49
f002 800 133 433 1.49
f011 800 453 135 1.49
f008 800 496 176 1.61
f049 800 520 526 1.44
f027 800 70 185 1.37
f041 800 448 576 1.31
f030 800 116 501 1.79
f050 800 602 243 1.58
f045 800 373 589 1.5
f034 800 38 110 1.53
f058 800 373 589 1.8
f005 800 115 391 1.51
f025 800 428 81 1.63
f039 800 285 610 1.52
f003 800 147 392 1.39
f036 800 520 526 1.71
f057 800 586 275 1.57
f042 800 367 611 1.59
f026 800 58 386 1.4
f046 800 581 362 1.45
f035 800 567 493 1.61
f047 800 583 240 1.7
f054 800 448 576 1.78
f001 800 512 243 1.53
f032 800 44 180 1.74
f020 800 52 305 1.41
f021 800 263 550 1.41
f029 800 198 545 1.58
f043 800 23 382 1.71
f056 800 23 382 1.59
f052 800 285 610 1.61
f059 800 581 362 1.77
f053 800 167 25 1.55
f012 800 157 481 1.42
f013 800 503 170 1.42
f038 800 266 615 1.49
f040 800 167 25 1.74
f055 800 367 611 1.74
f000 800 144 462 1.55
f048 800 587 235 1.41
f051 800 266 615 1.36
f031 800 363 563 1.58
f004 800 235 473 1.43
f018 800 497 447 1.43
f037 800 602 243 1.43
f044 800 586 275 1.48
f028 800 108 131 1.79
f033 800 21 320 1.37
f016 800 199 522 1.56
f015 800 357 67 1.56
f014 800 450 489 1.31
f049 800 520 526 1.44
f030 800 116 501 1.79
f023 800 513 172 1.57
f024 800 395 58 1.57
f041 800 448 576 1.31
f050 800 602 243 1.58
f058 800 373 589 1.8
f045 800 373 589 1.5
f034 800 38 110 1.53
f039 800 285 610 1.52
f022 800 259 544 1.7
f036 800 520 526 1.71
f009 800 473 462 1.46
f017 800 470 468 1.46
f057 800 586 275 1.57
f042 800 367 611 1.59
f010 800 422 490 1.59
f006 800 126 184 1.71
f046 800 581 362 1.45
f054 800 448 576 1.78
f047 800 583 240 1.7
f035 800 567 493 1.61
f032 800 44 180 1.74
f007 800 505 322 1.72
f029 800 198 545 1.58
f043 800 23 382 1.71
f056 800 23 382 1.59
f052 800 285 610 1.61
f059 800 581 362 1.77
f008 800 496 176 1.61
f053 800 167 25 1.55
f019 800 524 409 1.49
f011 800 453 135 1.49
f002 800 133 433 1.49
f040 800 167 25 1.74
f055 800 367 611 1.74
f038 800 266 615 1.49
f048 800 587 235 1.41
f027 800 70 185 1.37
f051 800 266 615 1.36
f031 800 363 563 1.58
f037 800 602 243 1.43
f044 800 586 275 1.48
f033 800 21 320 1.37
f025 800 428 81 1.63
f005 800 115 391 1.51
f049 800 520 526 1.44
f030 800 116 501 1.79
f003 800 147 392 1.39
f058 800 373 589 1.8
f041 800 448 576 1.31
f050 800 602 243 1.58
f045 800 373 589 1.5
f034 800 38 110 1.53
f039 800 285 610 1.52
f036 800 520 526 1.71
f026 800 58 386 1.4
f001 800 512 243 1.53
f057 800 586 275 1.57
f042 800 367 611 1.59
f020 800 52 305 1.41
f021 800 263 550 1.41
f054 800 448 576 1.78
f047 800 583 240 1.7
f035 800 567 493 1.61
f046 800 581 362 1.45
f032 800 44 180 1.74
f012 800 157 481 1.42
f013 800 503 170 1.42
f043 800 23 382 1.71
f000 800 144 462 1.55
f059 800 581 362 1.77
f028 800 108 131 1.79
f056 800 23 382 1.59
f052 800 285 610 1.61
f004 800 235 473 1.43
f018 800 497 447 1.43
f053 800 167 25 1.55
f055 800 367 611 1.74
f040 800 167 25 1.74
f015 800 357 67 1.56
f016 800 199 522 1.56
f038 800 266 615 1.49
f048 800 587 235 1.41
f014 800 450 489 1.31
f051 800 266 615 1.36
f024 800 395 58 1.57
f023 800 513 172 1.57
f037 800 602 243 1.43
f044 800 586 275 1.48
f033 800 21 320 1.37
f022 800 259 544 1.7
f029 800 198 545 1.58
f031 800 363 563 1.58
f030 800 116 501 1.79
f049 800 520 526 1.44
f058 800 373 589 1.8
f017 800 470 468 1.46
f009 800 473 462 1.46
f050 800 602 243 1.58
f006 800 126 184 1.71
f010 800 422 490 1.59
f041 800 448 576 1.31
f034 800 38 110 1.53
f045 800 373 589 1.5
f036 800 520 526 1.71
f039 800 285 610 1.52
f057 800 586 275 1.57
f042 800 367 611 1.59
f007 800 505 322 1.72
f054 800 448 576 1.78
f047 800 583 240 1.7
f035 800 567 493 1.61
f046 800 581 362 1.45
f008 800 496 176 1.61
f032 800 44 180 1.74
f002 800 133 433 1.49
f011 800 453 135 1.49
f019 800 524 409 1.49
f043 800 23 382 1.71
f059 800 581 362 1.77
f056 800 23 382 1.59
f052 800 285 610 1.61
f053 800 167 25 1.55
f040 800 167 25 1.74
f055 800 367 611 1.74
f027 800 70 185 1.37
f025 800 428 81 1.63
f038 800 266 615 1.49
f005 800 115 391 1.51
f048 800 587 235 1.41
f051 800 266 615 1.36
f037 800 602 243 1.43
f044 800 586 275 1.48
f003 800 147 392 1.39
f030 800 116 501 1.79
f033 800 21 320 1.37
f049 800 520 526 1.44
f058 800 373 589 1.8
f001 800 512 243 1.53
f026 800 58 386 1.4
f050 800 602 243 1.58
f036 800 520 526 1.71
f034 800 38 110 1.53
f045 800 373 589 1.5
f041 800 448 576 1.31
f039 800 285 610 1.52
f020 800 52 305 1.41
f021 800 263 550 1.41
f057 800 586 275 1.57
f042 800 367 611 1.59
f054 800 448 576 1.78
f028 800 108 131 1.79
f047 800 583 240 1.7
f013 800 503 170 1.42
f012 800 157 481 1.42
f000 800 144 462 1.55
f035 800 567 493 1.61
f046 800 581 362 1.45
f032 800 44 180 1.74
f043 800 23 382 1.71
f059 800 581 362 1.77
f018 800 497 447 1.43
f004 800 235 473 1.43
f016 800 199 522 1.56
f015 800 357 67 1.56
f056 800 23 382 1.59
f052 800 285 610 1.61
f055 800 367 611 1.74
f040 800 167 25 1.74
f053 800 167 25 1.55
f023 800 513 172 1.57
f024 800 395 58 1.57
f014 800 450 489 1.31
f022 800 259 544 1.7
f038 800 266 615 1.49
f031 800 363 563 1.58
f029 800 198 545 1.58
f048 800 587 235 1.41
f044 800 586 275 1.48
f037 800 602 243 1.43
f051 800 266 615 1.36
f006 800 126 184 1.71
f017 800 470 468 1.46
f009 800 473 462 1.46
f030 800 116 501 1.79
f010 800 422 490 1.59
f058 800 373 589 1.8
f049 800 520 526 1.44
f007 800 505 322 1.72
f050 800 602 243 1.58
f036 800 520 526 1.71
f034 800 38 110 1.53
f045 800 373 589 1.5
f039 800 285 610 1.52
f041 800 448 576 1.31
f057 800 586 275 1.57
f008 800 496 176 1.61
f042 800 367 611 1.59
f054 800 448 576 1.78
f047 800 583 240 1.7
f011 800 453 135 1.49
f019 800 524 409 1.49
f002 800 133 433 1.49
f035 800 567 493 1.61
f032 800 44 180 1.74
f046 800 581 362 1.45
f059 800 581 362 1.77
f043 800 23 382 1.71
f025 800 428 81 1.63
f056 800 23 382 1.59
f052 800 285 610 1.61
f027 800 70 185 1.37
f033 800 21 320 1.37
f055 800 367 611 1.74
f040 800 167 25 1.74
f053 800 167 25 1.55
f005 800 115 391 1.51
f038 800 266 615 1.49
f048 800 587 235 1.41
f003 800 147 392 1.39
f044 800 586 275 1.48
f037 800 602 243 1.43
f051 800 266 615 1.36
f058 800 373 589 1.8
f001 800 512 243 1.53
f026 800 58 386 1.4
f049 800 520 526 1.44
f030 800 116 501 1.79
f028 800 108 131 1.79
f050 800 602 243 1.58
f036 800 520 526 1.71
f020 800 52 305 1.41
f021 800 263 550 1.41
f034 800 38 110 1.53
f045 800 373 589 1.5
f039 800 285 610 1.52
f054 800 448 576 1.78
f000 800 144 462 1.55
f041 800 448 576 1.31
f057 800 586 275 1.57
f042 800 367 611 1.59
f012 800 157 481 1.42
f013 800 503 170 1.42
f047 800 583 240 1.7
f035 800 567 493 1.61
f015 800 357 67 1.56
f016 800 199 522 1.56
f032 800 44 180 1.74
f004 800 235 473 1.43
f018 800 497 447 1.43
f059 800 581 362 1.77
f043 800 23 382 1.71
f046 800 581 362 1.45
f023 800 513 172 1.57
f024 800 395 58 1.57
f056 800 23 382 1.59
f052 800 285 610 1.61
f022 800 259 544 1.7
f055 800 367 611 1.74
f040 800 167 25 1.74
f053 800 167 25 1.55
f031 800 363 563 1.58
f029 800 198 545 1.58
f014 800 450 489 1.31
f006 800 126 184 1.71
f038 800 266 615 1.49
f010 800 422 490 1.59
f009 800 473 462 1.46
f017 800 470 468 1.46
f007 800 505 322 1.72
f048 800 587 235 1.41
f044 800 586 275 1.48
f058 800 373 589 1.8
f037 800 602 243 1.43
f051 800 266 615 1.36
f049 800 520 526 1.44
f036 800 520 526 1.71
f050 800 602 243 1.58
f008 800 496 176 1.61
f034 800 38 110 1.53
f045 800 373 589 1.5
f054 800 448 576 1.78
f039 800 285 610 1.52
f057 800 586 275 1.57
f042 800 367 611 1.59
f047 800 583 240 1.7
f002 800 133 433 1.49
f019 800 524 409 1.49
f011 800 453 135 1.49
f041 800 448 576 1.31
f035 800 567 493 1.61
f032 800 44 180 1.74
f059 800 581 362 1.77
f025 800 428 81 1.63
f043 800 23 382 1.71
f046 800 581 362 1.45
f027 800 70 185 1.37
f033 800 21 320 1.37
f056 800 23 382 1.59
f052 800 285 610 1.61
f055 800 367 611 1.74
f040 800 167 25 1.74
f005 800 115 391 1.51
f053 800 167 25 1.55
f038 800 266 615 1.49
f003 800 147 392 1.39
f001 800 512 243 1.53
f058 800 373 589 1.8
f048 800 587 235 1.41
f044 800 586 275 1.48
f030 800 116 501 1.79
f028 800 108 131 1.79
f026 800 58 386 1.4
f037 800 602 243 1.43
f051 800 266 615 1.36
f036 800 520 526 1.71
f020 800 52 305 1.41
f021 800 263 550 1.41
f049 800 520 526 1.44
f050 800 602 243 1.58
f000 800 144 462 1.55
f054 800 448 576 1.78
f034 800 38 110 1.53
f045 800 373 589 1.5
f039 800 285 610 1.52
f012 800 157 481 1.42
f013 800 503 170 1.42
f057 800 586 275 1.57
f047 800 583 240 1.7
f042 800 367 611 1.59
f016 800 199 522 1.56
f015 800 357 67 1.56
f032 800 44 180 1.74
f059 800 581 362 1.77
f035 800 567 493 1.61
f018 800 497 447 1.43
f004 800 235 473 1.43
f043 800 23 382 1.71
f022 800 259 544 1.7
f023 800 513 172 1.57
f024 800 395 58 1.57
f046 800 581 362 1.45
f056 800 23 382 1.59
f055 800 367 611 1.74
f040 800 167 25 1.74
f052 800 285 610 1.61
f031 800 363 563 1.58
f029 800 198 545 1.58
f006 800 126 184 1.71
f053 800 167 25 1.55
f014 800 450 489 1.31
f041 800 448 576 1.31
f010 800 422 490 1.59
f007 800 505 322 1.72
f017 800 470 468 1.46
f009 800 473 462 1.46
f038 800 266 615 1.49
f058 800 373 589 1.8
f044 800 586 275 1.48
f048 800 587 235 1.41
f037 800 602 243 1.43
f008 800 496 176 1.61
f036 800 520 526 1.71
f050 800 602 243 1.58
f049 800 520 526 1.44
f054 800 448 576 1.78
f045 800 373 589 1.5
f034 800 38 110 1.53
f047 800 583 240 1.7
f002 800 133 433 1.49
f011 800 453 135 1.49
f019 800 524 409 1.49
f057 800 586 275 1.57
f039 800 285 610 1.52
f042 800 367 611 1.59
f025 800 428 81 1.63
f059 800 581 362 1.77
f032 800 44 180 1.74
f035 800 567 493 1.61
f043 800 23 382 1.71
f051 800 266 615 1.36
f046 800 581 362 1.45
f005 800 115 391 1.51
f033 800 21 320 1.37
f027 800 70 185 1.37
f040 800 167 25 1.74
f055 800 367 611 1.74
f056 800 23 382 1.59
f052 800 285 610 1.61
f053 800 167 25 1.55
f028 800 108 131 1.79
f030 800 116 501 1.79
f003 800 147 392 1.39
f001 800 512 243 1.53
f058 800 373 589 1.8
f038 800 266 615 1.49
f044 800 586 275 1.48
f026 800 58 386 1.4
f048 800 587 235 1.41
f036 800 520 526 1.71
f020 800 52 305 1.41
f021 800 263 550 1.41
f000 800 144 462 1.55
f050 800 602 243 1.58
f054 800 448 576 1.78
f047 800 583 240 1.7
f045 800 373 589 1.5
f012 800 157 481 1.42
f013 800 503 170 1.42
f034 800 38 110 1.53
f016 800 199 522 1.56
f015 800 357 67 1.56
f057 800 586 275 1.57
f039 800 285 610 1.52
f042 800 367 611 1.59
f059 800 581 362 1.77
f022 800 259 544 1.7
f043 800 23 382 1.71
f037 800 602 243 1.43
f004 800 235 473 1.43
f018 800 497 447 1.43
f035 800 567 493 1.61
f024 800 395 58 1.57
f023 800 513 172 1.57
f006 800 126 184 1.71
f040 800 167 25 1.74
f055 800 367 611 1.74
f049 800 520 526 1.44
f031 800 363 563 1.58
f029 800 198 545 1.58
f046 800 581 362 1.45
f056 800 23 382 1.59
f052 800 285 610 1.61
f007 800 505 322 1.72
f010 800 422 490 1.59
f053 800 167 25 1.55
f014 800 450 489 1.31
f041 800 448 576 1.31
f058 800 373 589 1.8
f009 800 473 462 1.46
f017 800 470 468 1.46
f032 800 44 180 1.74
f008 800 496 176 1.61
f044 800 586 275 1.48
f048 800 587 235 1.41
f036 800 520 526 1.71
f054 800 448 576 1.78
f050 800 602 243 1.58
f047 800 583 240 1.7
f038 800 266 615 1.49
f019 800 524 409 1.49
f002 800 133 433 1.49
f011 800 453 135 1.49
f045 800 373 589 1.5
f025 800 428 81 1.63
f057 800 586 275 1.57
f042 800 367 611 1.59
f059 800 581 362 1.77
f043 800 23 382 1.71
f035 800 567 493 1.61
f051 800 266 615 1.36
f040 800 167 25 1.74
f055 800 367 611 1.74
f005 800 115 391 1.51
f056 800 23 382 1.59
f027 800 70 185 1.37
f033 800 21 320 1.37
f046 800 581 362 1.45
f052 800 285 610 1.61
f039 800 285 610 1.52
f028 800 108 131 1.79
f030 800 116 501 1.79
f058 800 373 589 1.8
f034 800 38 110 1.53
f001 800 512 243 1.53
f003 800 147 392 1.39
f026 800 58 386 1.4
f044 800 586 275 1.48
f036 800 520 526 1.71
f053 800 167 25 1.55
f000 800 144 462 1.55
f054 800 448 576 1.78
f020 800 52 305 1.41
f048 800 587 235 1.41
f021 800 263 550 1.41
f047 800 583 240 1.7
f015 800 357 67 1.56
f016 800 199 522 1.56
f012 800 157 481 1.42
f013 800 503 170 1.42
f059 800 581 362 1.77
f057 800 586 275 1.57
f045 800 373 589 1.5
f022 800 259 544 1.7
f043 800 23 382 1.71
f024 800 395 58 1.57
f023 800 513 172 1.57
f018 800 497 447 1.43
f004 800 235 473 1.43
f037 800 602 243 1.43
f006 800 126 184 1.71
f040 800 167 25 1.74
f055 800 367 611 1.74
f031 800 363 563 1.58
f050 800 602 243 1.58
f029 800 198 545 1.58
f049 800 520 526 1.44
f056 800 23 382 1.59
f007 800 505 322 1.72
f042 800 367 611 1.59
f010 800 422 490 1.59
f046 800 581 362 1.45
f058 800 373 589 1.8
f041 800 448 576 1.31
f014 800 450 489 1.31
f009 800 473 462 1.46
f017 800 470 468 1.46
f032 800 44 180 1.74
f052 800 285 610 1.61
f008 800 496 176 1.61
f035 800 567 493 1.61
f036 800 520 526 1.71
f054 800 448 576 1.78
f044 800 586 275 1.48
f047 800 583 240 1.7
f025 800 428 81 1.63
f059 800 581 362 1.77
f002 800 133 433 1.49
f019 800 524 409 1.49
f011 800 453 135 1.49
f038 800 266 615 1.49
f057 800 586 275 1.57
f043 800 23 382 1.71
f045 800 373 589 1.5
f055 800 367 611 1.74
f040 800 167 25 1.74
f051 800 266 615 1.36
f005 800 115 391 1.51
f056 800 23 382 1.59
f028 800 108 131 1.79
f030 800 116 501 1.79
f033 800 21 320 1.37
f027 800 70 185 1.37
f039 800 285 610 1.52
f058 800 373 589 1.8
f001 800 512 243 1.53
f034 800 38 110 1.53
f003 800 147 392 1.39
f026 800 58 386 1.4
f054 800 448 576 1.78
f053 800 167 25 1.55
f000 800 144 462 1.55
f047 800 583 240 1.7
f020 800 52 305 1.41
f021 800 263 550 1.41
f048 800 587 235 1.41
f059 800 581 362 1.77
f022 800 259 544 1.7
f016 800 199 522 1.56
f015 800 357 67 1.56
f043 800 23 382 1.71
f012 800 157 481 1.42
f013 800 503 170 1.42
f057 800 586 275 1.57
f024 800 395 58 1.57
f023 800 513 172 1.57
f036 800 520 526 1.71
f006 800 126 184 1.71
f004 800 235 473 1.43
f018 800 497 447 1.43
f037 800 602 243 1.43
f031 800 363 563 1.58
f050 800 602 243 1.58
f029 800 198 545 1.58
f007 800 505 322 1.72
f049 800 520 526 1.44
f058 800 373 589 1.8
f010 800 422 490 1.59
f056 800 23 382 1.59
f042 800 367 611 1.59
f046 800 581 362 1.45
f032 800 44 180 1.74
f055 800 367 611 1.74
f040 800 167 25 1.74
f009 800 473 462 1.46
f017 800 470 468 1.46
f041 800 448 576 1.31
f014 800 450 489 1.31
f052 800 285 610 1.61
f008 800 496 176 1.61
f035 800 567 493 1.61
f047 800 583 240 1.7
f044 800 586 275 1.48
f059 800 581 362 1.77
f025 800 428 81 1.63
f043 800 23 382 1.71
f019 800 524 409 1.49
f002 800 133 433 1.49
f011 800 453 135 1.49
f038 800 266 615 1.49
f054 800 448 576 1.78
f045 800 373 589 1.5
f028 800 108 131 1.79
f030 800 116 501 1.79
f005 800 115 391 1.51
f051 800 266 615 1.36
f058 800 373 589 1.8
f039 800 285 610 1.52
f033 800 21 320 1.37
f027 800 70 185 1.37
f034 800 38 110 1.53
f001 800 512 243 1.53
f003 800 147 392 1.39
f026 800 58 386 1.4
f000 800 144 462 1.55
f053 800 167 25 1.55
f059 800 581 362 1.77
f047 800 583 240 1.7
f022 800 259 544 1.7
f048 800 587 235 1.41
f020 800 52 305 1.41
f021 800 263 550 1.41
f015 800 357 67 1.56
f016 800 199 522 1.56
f006 800 126 184 1.71
f043 800 23 382 1.71
f036 800 520 526 1.71
f013 800 503 170 1.42
f012 800 157 481 1.42
f057 800 586 275 1.57
f023 800 513 172 1.57
f024 800 395 58 1.57
f007 800 505 322 1.72
f004 800 235 473 1.43
f018 800 497 447 1.43
f037 800 602 243 1.43
f050 800 602 243 1.58
f029 800 198 545 1.58
f031 800 363 563 1.58
f058 800 373 589 1.8
f049 800 520 526 1.44
f056 800 23 382 1.59
f042 800 367 611 1.59
f010 800 422 490 1.59
f032 800 44 180 1.74
f040 800 167 25 1.74
f055 800 367 611 1.74
f046 800 581 362 1.45
f017 800 470 468 1.46
f009 800 473 462 1.46
f008 800 496 176 1.61
f035 800 567 493 1.61
f052 800 285 610 1.61
f041 800 448 576 1.31
f014 800 450 489 1.31
f044 800 586 275 1.48
f059 800 581 362 1.77
f025 800 428 81 1.63
f038 800 266 615 1.49
f002 800 133 433 1.49
f019 800 524 409 1.49
f011 800 453 135 1.49
f054 800 448 576 1.78
f045 800 373 589 1.5
f030 800 116 501 1.79
f028 800 108 131 1.79
f005 800 115 391 1.51
f058 800 373 589 1.8
f051 800 266 615 1.36
f039 800 285 610 1.52
f033 800 21 320 1.37
f027 800 70 185 1.37
f034 800 38 110 1.53
f001 800 512 243 1.53
f003 800 147 392 1.39
f000 800 144 462 1.55
f053 800 167 25 1.55
f026 800 58 386 1.4
f022 800 259 544 1.7
f047 800 583 240 1.7
f016 800 199 522 1.56
f015 800 357 67 1.56
f021 800 263 550 1.41
f048 800 587 235 1.41
f020 800 52 305 1.41
f036 800 520 526 1.71
f043 800 23 382 1.71
f006 800 126 184 1.71
f024 800 395 58 1.57
f057 800 586 275 1.57
f023 800 513 172 1.57
f012 800 157 481 1.42
f013 800 503 170 1.42
f007 800 505 322 1.72
f050 800 602 243 1.58
f029 800 198 545 1.58
f031 800 363 563 1.58
f037 800 602 243 1.43
f018 800 497 447 1.43
f004 800 235 473 1.43
f010 800 422 490 1.59
f042 800 367 611 1.59
f056 800 23 382 1.59
f049 800 520 526 1.44
f040 800 167 25 1.74
f055 800 367 611 1.74
f032 800 44 180 1.74
f046 800 581 362 1.45
f008 800 496 176 1.61
f035 800 567 493 1.61
f052 800 285 610 1.61
f009 800 473 462 1.46
f017 800 470 468 1.46
f014 800 450 489 1.31
f041 800 448 576 1.31
f059 800 581 362 1.77
f025 800 428 81 1.63
f044 800 586 275 1.48
f054 800 448 576 1.78
f002 800 133 433 1.49
f038 800 266 615 1.49
f011 800 453 135 1.49
f019 800 524 409 1.49
f028 800 108 131 1.79
f030 800 116 501 1.79
f045 800 373 589 1.5
f058 800 373 589 1.8
f005 800 115 391 1.51
f051 800 266 615 1.36
f039 800 285 610 1.52
f027 800 70 185 1.37
f033 800 21 320 1.37
f034 800 38 110 1.53
f001 800 512 243 1.53
f003 800 147 392 1.39
f022 800 259 544 1.7
f047 800 583 240 1.7
f000 800 144 462 1.55
f053 800 167 25 1.55
f026 800 58 386 1.4
f036 800 520 526 1.71
f043 800 23 382 1.71
f006 800 126 184 1.71
f015 800 357 67 1.56
f016 800 199 522 1.56
f048 800 587 235 1.41
f020 800 52 305 1.41
f021 800 263 550 1.41
f024 800 395 58 1.57
f057 800 586 275 1.57
f023 800 513 172 1.57
f007 800 505 322 1.72
f013 800 503 170 1.42
f012 800 157 481 1.42
f050 800 602 243 1.58
f031 800 363 563 1.58
f029 800 198 545 1.58
f004 800 235 473 1.43
f037 800 602 243 1.43
f018 800 497 447 1.43
f056 800 23 382 1.59
f042 800 367 611 1.59
f010 800 422 490 1.59
f055 800 367 611 1.74
f032 800 44 180 1.74
f040 800 167 25 1.74
f049 800 520 526 1.44
f046 800 581 362 1.45
f008 800 496 176 1.61
f052 800 285 610 1.61
f035 800 567 493 1.61
f017 800 470 468 1.46
f009 800 473 462 1.46
f059 800 581 362 1.77
f014 800 450 489 1.31
f041 800 448 576 1.31
f025 800 428 81 1.63
f054 800 448 576 1.78
f044 800 586 275 1.48
f028 800 108 131 1.79
f030 800 116 501 1.79
f011 800 453 135 1.49
f038 800 266 615 1.49
f002 800 133 433 1.49
f019 800 524 409 1.49
f058 800 373 589 1.8
f045 800 373 589 1.5
f005 800 115 391 1.51
f039 800 285 610 1.52
f051 800 266 615 1.36
f001 800 512 243 1.53
f034 800 38 110 1.53
f033 800 21 320 1.37
f027 800 70 185 1.37
f047 800 583 240 1.7
f022 800 259 544 1.7
f053 800 167 25 1.55
f000 800 144 462 1.55
f003 800 147 392 1.39
f043 800 23 382 1.71
f006 800 126 184 1.71
f036 800 520 526 1.71
f015 800 357 67 1.56
f016 800 199 522 1.56
f026 800 58 386 1.4
f007 800 505 322 1.72
f057 800 586 275 1.57
f024 800 395 58 1.57
f023 800 513 172 1.57
f048 800 587 235 1.41
f020 800 52 305 1.41
f021 800 263 550 1.41
f050 800 602 243 1.58
f029 800 198 545 1.58
f031 800 363 563 1.58
f013 800 503 170 1.42
f012 800 157 481 1.42
f055 800 367 611 1.74
f040 800 167 25 1.74
f032 800 44 180 1.74
f010 800 422 490 1.59
f042 800 367 611 1.59
f056 800 23 382 1.59
f018 800 497 447 1.43
f037 800 602 243 1.43
f004 800 235 473 1.43
f049 800 520 526 1.44
f046 800 581 362 1.45
f052 800 285 610 1.61
f008 800 496 176 1.61
f035 800 567 493 1.61
f059 800 581 362 1.77
f009 800 473 462 1.46
f017 800 470 468 1.46
f054 800 448 576 1.78
f025 800 428 81 1.63
f014 800 450 489 1.31
f041 800 448 576 1.31
f028 800 108 131 1.79
f030 800 116 501 1.79
f044 800 586 275 1.48
f058 800 373 589 1.8
f038 800 266 615 1.49
f011 800 453 135 1.49
f019 800 524 409 1.49
f002 800 133 433 1.49
f045 800 373 589 1.5
f005 800 115 391 1.51
f039 800 285 610 1.52
f051 800 266 615 1.36
f034 800 38 110 1.53
f001 800 512 243 1.53
f027 800 70 185 1.37
f033 800 21 320 1.37
f047 800 583 240 1.7
f022 800 259 544 1.7
f053 800 167 25 1.55
f000 800 144 462 1.55
f006 800 126 184 1.71
f036 800 520 526 1.71
f043 800 23 382 1.71
f003 800 147 392 1.39
f016 800 199 522 1.56
f015 800 357 67 1.56
f007 800 505 322 1.72
f026 800 58 386 1.4
f057 800 586 275 1.57
f023 800 513 172 1.57
f024 800 395 58 1.57
f021 800 263 550 1.41
f020 800 52 305 1.41
f048 800 587 235 1.41
f050 800 602 243 1.58
f031 800 363 563 1.58
f029 800 198 545 1.58
f055 800 367 611 1.74
f040 800 167 25 1.74
f032 800 44 180 1.74
f012 800 157 481 1.42
f013 800 503 170 1.42
f042 800 367 611 1.59
f056 800 23 382 1.59
f010 800 422 490 1.59
f004 800 235 473 1.43
f037 800 602 243 1.43
f018 800 497 447 1.43
f049 800 520 526 1.44
f008 800 496 176 1.61
f052 800 285 610 1.61
f035 800 567 493 1.61
f046 800 581 362 1.45
f059 800 581 362 1.77
f009 800 473 462 1.46
f017 800 470 468 1.46
f054 800 448 576 1.78
f025 800 428 81 1.63
f028 800 108 131 1.79
f030 800 116 501 1.79
f044 800 586 275 1.48
f014 800 450 489 1.31
f041 800 448 576 1.31
f058 800 373 589 1.8
f038 800 266 615 1.49
f011 800 453 135 1.49
f019 800 524 409 1.49
f002 800 133 433 1.49
f045 800 373 589 1.5
f005 800 115 391 1.51
f039 800 285 610 1.52
f051 800 266 615 1.36
f034 800 38 110 1.53
f001 800 512 243 1.53
f047 800 583 240 1.7
f022 800 259 544 1.7
f027 800 70 185 1.37
f033 800 21 320 1.37
f043 800 23 382 1.71
f036 800 520 526 1.71
f006 800 126 184 1.71
f000 800 144 462 1.55
f053 800 167 25 1.55
f003 800 147 392 1.39
f007 800 505 322 1.72
f015 800 357 67 1.56
f016 800 199 522 1.56
f026 800 58 386 1.4
f023 800 513 172 1.57
f057 800 586 275 1.57
f024 800 395 58 1.57
f048 800 587 235 1.41
f020 800 52 305 1.41
f021 800 263 550 1.41
f040 800 167 25 1.74
f032 800 44 180 1.74
f055 800 367 611 1.74
f029 800 198 545 1.58
f031 800 363 563 1.58
f050 800 602 243 1.58
f013 800 503 170 1.42
f012 800 157 481 1.42
f056 800 23 382 1.59
f010 800 422 490 1.59
f042 800 367 611 1.59
f004 800 235 473 1.43
f037 800 602 243 1.43
f018 800 497 447 1.43
f049 800 520 526 1.44
f052 800 285 610 1.61
f008 800 496 176 1.61
f035 800 567 493 1.61
f059 800 581 362 1.77
f046 800 581 362 1.45
f054 800 448 576 1.78
f017 800 470 468 1.46

