f0805_48 59 1143 1172 1
f2222_84 103 599 353 1
f3973_27 114 757 475 1
f0202_09 97 301 211 1.01
f0609_12 115 350 256 1.01
f1417_14 76 86 877 1.01
f1672_35 77 519 992 1.01
f1809_16 81 590 522 1.01
f3415_33 115 842 128 1.01
f3865_26 116 1162 754 1.01
f0571_24 75 511 653 1.02
f0650_31 92 723 457 1.02
f0687_43 103 920 1192 1.02
f0994_46 85 984 598 1.02
f1591_47 107 695 1153 1.02
f1750_06 113 970 1064 1.02
f2199_64 80 265 576 1.02
f3132_12 113 1082 512 1.02
f3150_21 114 839 1086 1.02
f0284_34 97 263 550 1.03
f0959_27 105 785 812 1.03
f1185_47 94 284 872 1.03
f1195_27 93 1179 624 1.03
f1829_17 80 113 1190 1.03
f1928_20 79 221 931 1.03
f1952_17 88 260 1014 1.03
f2220_72 104 179 416 1.03
f2280_57 106 248 720 1.03
f2292_70 112 1130 390 1.03
f2299_91 107 443 1012 1.03
f3479_08 114 1043 1152 1.03
f3697_32 114 481 441 1.03
f0085_01 75 977 168 1.04
f0164_32 109 996 551 1.04
f0165_04 78 1151 815 1.04
f0721_31 108 995 150 1.04
f1147_19 85 714 85 1.04
f1280_21 61 112 1045 1.04
f1298_29 103 1012 1194 1.04
f3226_21 99 195 687 1.04
f3437_17 116 735 888 1.04
f3877_11 107 1014 227 1.04
f3934_45 103 732 503 1.04
f0345_23 110 108 131 1.05
f0699_19 96 765 471 1.05
f1670_20 109 469 1181 1.05
f3710_43 114 957 339 1.05
f1461_46 88 275 695 1.06
f2094_44 92 292 981 1.06
f2169_69 80 299 34 1.06
f2283_59 109 43 714 1.06
f3438_08 114 1022 1061 1.06
f0579_26 85 63 361 1.07
f0615_00 113 4 6 1.07
f1087_32 104 1047 984 1.07
f1089_04 93 330 101 1.07
f1203_10 107 884 983 1.07
f1382_07 98 126 835 1.07
f2458_53 111 36 849 1.07
f3625_17 107 453 172 1.07
f0293_40 109 337 1134 1.08
f0796_08 68 548 1128 1.08
f1129_22 109 271 756 1.08
f1994_21 103 345 446 1.08
f3991_38 113 1144 400 1.08
f1178_03 110 894 1200 1.09
f1292_22 69 1197 234 1.09
f1811_11 93 38 1060 1.09
f1920_09 101 85 1134 1.09
f2291_65 116 1109 689 1.09
f3386_27 115 474 187 1.09
f3633_29 114 977 917 1.09
f0303_00 108 670 43 1.1
f0844_42 76 160 580 1.1
f1175_48 98 149 468 1.1
f1456_41 113 414 790 1.1
f1881_37 91 381 1190 1.1
f1998_10 110 47 967 1.1
f2571_62 107 202 759 1.1
f3273_45 110 728 1183 1.1
f3387_42 112 328 892 1.1
f3592_19 110 502 931 1.1
f3942_06 116 959 922 1.1
f3944_02 86 138 199 1.1
f0216_26 72 215 745 1.11
f0737_49 90 872 791 1.11
f0811_49 106 1107 769 1.11
f0992_04 87 1128 357 1.11
f1182_38 98 1110 872 1.11
f1287_40 91 75 10 1.11
f1602_35 108 729 976 1.11
f2191_53 116 354 116 1.11
f2369_56 113 153 1177 1.11
f3663_13 110 738 340 1.11
f3685_08 116 863 214 1.11
f3893_01 104 773 407 1.11
f0090_10 97 1150 120 1.12
f0442_00 109 38 865 1.12
f0758_07 102 673 96 1.12
f1260_34 104 1052 914 1.12
f1336_30 112 384 281 1.12
f1429_14 88 1146 340 1.12
f1721_26 114 624 715 1.12
f1729_47 108 582 717 1.12
f1935_07 98 1156 276 1.12
f3696_44 51 276 1106 1.12
f4031_33 114 168 38 1.12
f0213_49 72 44 180 1.13
f0409_49 95 244 999 1.13
f0489_49 95 973 517 1.13
f0692_03 101 1100 569 1.13
f0832_40 81 494 957 1.13
f0854_12 79 0 1023 1.13
f1000_45 109 487 645 1.13
f1172_25 89 694 705 1.13
f1724_42 114 744 975 1.13
f1768_48 99 197 585 1.13
f2349_78 81 1006 1183 1.13
f2470_80 116 425 1131 1.13
f3110_25 116 688 5 1.13
f3729_27 115 406 1179 1.13
f4085_42 103 276 251 1.13
f0986_02 109 1015 570 1.14
f1918_04 87 404 117 1.14
f3102_36 113 759 784 1.14
f3341_29 115 427 1001 1.14
f3402_08 115 636 74 1.14
f0128_00 84 1103 429 1.15
f1074_34 101 610 103 1.15
f1151_39 105 756 16 1.15
f1484_21 89 138 275 1.15
f1757_24 103 297 512 1.15
f2182_95 105 520 200 1.15
f2473_81 116 976 719 1.15
f3105_03 103 354 886 1.15
f3854_08 104 844 995 1.15
f0035_19 106 1065 471 1.16
f0681_47 103 465 167 1.16
f0759_41 112 885 944 1.16
f0791_04 102 574 425 1.16
f1753_34 108 927 225 1.16
f1875_21 114 1109 944 1.16
f2502_59 104 219 127 1.16
f4058_09 99 547 725 1.16
f0227_27 99 1089 727 1.17
f0537_35 96 642 471 1.17
f0930_07 82 747 625 1.17
f0978_05 96 861 62 1.17
f1153_08 83 1080 724 1.17
f1893_26 108 684 718 1.17
f2080_34 66 697 289 1.17
f3233_02 102 1039 552 1.17
f3523_31 107 819 988 1.17
f3563_46 113 884 279 1.17
f3852_32 110 990 669 1.17
f1128_24 82 1140 326 1.18
f1242_30 105 65 829 1.18
f1927_01 105 356 1066 1.18
f2077_16 61 212 866 1.18
f2429_95 113 874 1013 1.18
f3672_20 114 401 477 1.18
f3749_27 117 762 457 1.18
f4066_22 113 200 75 1.18
f0584_22 96 280 192 1.19
f0901_39 103 642 519 1.19
f1138_27 91 629 944 1.19
f1359_45 86 877 1045 1.19
f1378_08 99 443 704 1.19
f1619_37 108 1167 1116 1.19
f2147_79 114 1178 724 1.19
f2421_86 67 891 750 1.19
f2423_88 113 848 353 1.19
f2442_81 106 912 1050 1.19
f3104_25 104 813 1080 1.19
f3215_34 114 1012 1084 1.19
f3253_11 116 274 656 1.19
f3777_32 114 1109 255 1.19
f4000_40 114 339 475 1.19
f4028_44 109 537 452 1.19
f0678_26 90 764 813 1.2
f1436_39 103 119 534 1.2
f1475_14 66 959 206 1.2
f1573_06 70 289 370 1.2
f2307_62 94 409 655 1.2
f3318_25 112 288 67 1.2
f3901_45 69 358 662 1.2
f0038_42 72 805 1184 1.21
f0606_11 101 894 653 1.21
f1024_46 111 218 1200 1.21
f1225_06 112 635 1154 1.21
f1384_42 63 711 853 1.21
f1778_11 101 310 628 1.21
f2185_57 115 392 867 1.21
f2328_92 104 138 554 1.21
f3472_19 87 198 974 1.21
f3956_26 105 564 1053 1.21
f3982_48 105 886 975 1.21
f0196_10 114 387 841 1.22
f1574_26 114 662 418 1.22
f1575_36 117 274 886 1.22
f1603_40 110 253 1078 1.22
f2014_07 104 335 981 1.22
f2015_08 95 120 1176 1.22
f3249_21 118 763 9 1.22
f3288_23 116 32 42 1.22
f3985_04 114 573 573 1.22
f0557_33 97 20 363 1.23
f0871_23 95 593 190 1.23
f1281_28 107 420 131 1.23
f1563_24 87 755 632 1.23
f2030_28 105 76 899 1.23
f2143_66 111 682 194 1.23
f3141_36 112 137 849 1.23
f3773_14 114 1190 614 1.23
f3797_07 70 10 802 1.23
f4015_05 103 125 430 1.23
f0280_20 100 1010 1127 1.24
f0384_36 94 806 876 1.24
f0639_24 87 340 884 1.24
f0777_12 114 249 959 1.24
f1362_31 103 397 471 1.24
f1492_06 87 59 1189 1.24
f1568_21 110 1070 1200 1.24
f1767_34 32 613 1167 1.24
f2038_08 101 189 1139 1.24
f2377_66 111 1035 783 1.24
f3300_25 114 317 1035 1.24
f0512_15 114 882 1169 1.25
f0729_08 78 556 80 1.25
f0865_24 106 1165 659 1.25
f1039_40 107 191 352 1.25
f1180_21 102 605 748 1.25
f3435_24 105 1189 256 1.25
f3581_23 115 1036 34 1.25
f0552_46 79 169 290 1.26
f0673_28 114 651 439 1.26
f0936_34 92 372 334 1.26
f1937_04 84 1020 1008 1.26
f2109_65 104 165 36 1.26
f2440_79 99 948 623 1.26
f0193_48 60 641 772 1.27
f0766_01 107 566 28 1.27
f0911_02 99 144 386 1.27
f1954_31 114 410 17 1.27
f2115_77 105 990 563 1.27
f2135_53 113 77 320 1.27
f0741_44 27 665 196 1.28
f1045_35 54 594 526 1.28
f1078_11 106 719 892 1.28
f1090_13 56 82 727 1.28
f2009_39 91 1044 125 1.28
f2560_93 106 118 982 1.28
f3330_43 114 272 658 1.28
f3536_49 107 1042 761 1.28
f0711_11 99 979 407 1.29
f1051_38 98 972 18 1.29
f1728_02 115 764 30 1.29
f1837_00 116 984 1185 1.29
f1949_20 87 797 624 1.29
f2158_68 78 1103 368 1.29
f2364_65 95 208 743 1.29
f3578_27 116 948 796 1.29
f3997_45 109 940 352 1.29
f0169_09 84 483 776 1.3
f0395_15 114 513 172 1.3
f0602_16 102 890 684 1.3
f0931_37 110 105 776 1.3
f1076_12 66 1008 951 1.3
f1091_00 114 604 1132 1.3
f1310_44 107 319 916 1.3
f1371_21 69 1151 440 1.3
f1604_07 110 521 576 1.3
f3616_07 105 255 527 1.3
f0042_43 74 113 655 1.31
f0087_24 101 734 865 1.31
f0661_44 69 498 1071 1.31
f1231_36 102 760 1029 1.31
f1655_34 69 1071 479 1.31
f1712_10 115 818 1111 1.31
f1831_15 46 350 233 1.31
f3820_39 60 202 650 1.31
f0712_09 102 414 1003 1.32
f1473_30 114 193 105 1.32
f3196_35 116 187 482 1.32
f3344_26 107 774 1107 1.32
f3363_42 89 484 568 1.32
f3557_12 107 1022 778 1.32
f3577_03 114 277 464 1.32
f3584_47 109 906 338 1.32
f3755_33 107 631 917 1.32
f3977_39 115 123 517 1.32
f0412_26 100 455 869 1.33
f1123_09 114 51 1107 1.33
f1254_34 105 1001 5 1.33
f1335_30 91 224 575 1.33
f1368_03 104 376 637 1.33
f1512_39 86 10 983 1.33
f1872_07 63 786 704 1.33
f1978_04 102 1076 836 1.33
f2251_74 87 283 327 1.33
f2434_59 102 180 286 1.33
f3767_45 109 120 393 1.33
f3815_34 113 47 671 1.33
f0210_17 104 58 386 1.34
f0643_23 112 283 1183 1.34
f1303_05 87 989 735 1.34
f1851_06 87 761 594 1.34
f2196_58 100 792 437 1.34
f0488_39 103 802 674 1.35
f0576_01 75 863 1102 1.35
f1756_07 27 145 1190 1.35
f2454_73 114 793 534 1.35
f3209_08 116 179 611 1.35
f3328_45 117 687 716 1.35
f3732_30 113 1016 77 1.35
f3790_48 117 650 250 1.35
f0486_05 114 119 1002 1.36
f0666_20 113 730 158 1.36
f0882_28 94 223 1192 1.36
f1127_01 114 882 397 1.36
f1420_00 83 521 128 1.36
f1833_03 114 401 897 1.36
f1936_06 110 797 467 1.36
f2206_73 89 1179 144 1.36
f2556_97 101 1062 1101 1.36
f3817_22 106 931 316 1.36
f3864_42 113 994 1180 1.36
f3992_46 94 265 625 1.36
f0154_34 94 492 848 1.37
f3320_18 111 54 609 1.37
f3833_03 81 10 402 1.37
f4079_43 90 234 759 1.37
f0302_47 98 1109 296 1.38
f0391_32 108 1089 265 1.38
f0445_46 103 279 789 1.38
f1536_05 116 502 765 1.38
f1579_11 111 792 592 1.38
f1885_29 111 113 69 1.38
f2218_51 104 392 772 1.38
f3299_12 114 186 437 1.38
f3329_30 114 955 133 1.38
f0162_02 100 52 305 1.39
f1717_16 85 1058 163 1.39
f2543_98 111 295 661 1.39
f3649_28 117 153 958 1.39
f3951_47 81 392 773 1.39
f0559_18 103 609 484 1.4
f0672_28 94 57 16 1.4
f0715_08 83 980 1144 1.4
f0804_00 106 1103 649 1.4
f1987_47 104 13 514 1.4
f2057_23 95 731 775 1.4
f3182_40 103 397 50 1.4
f3430_38 117 82 1188 1.4
f0498_06 81 919 1031 1.41
f0547_28 114 390 107 1.41
f1070_09 99 28 203 1.41
f3175_03 96 885 339 1.41
f3271_09 110 606 485 1.41
f1282_39 114 177 858 1.42
f2037_06 92 856 428 1.42
f2230_67 94 200 397 1.42
f2451_68 105 986 255 1.42
f3579_30 116 983 802 1.42
f3650_20 114 741 725 1.42
f3818_27 113 374 582 1.42
f3964_40 102 43 502 1.42
f3986_31 114 159 851 1.42
f0116_23 92 524 409 1.43
f0358_32 89 632 1054 1.43
f0482_06 105 702 900 1.43
f0829_00 80 223 168 1.43
f1206_36 105 466 489 1.43
f1337_29 78 323 73 1.43
f1361_36 108 1067 225 1.43
f2060_18 108 1152 57 1.43
f3605_17 116 1087 864 1.43
f3881_31 98 444 1189 1.43
f0858_32 95 643 466 1.44
f1977_23 55 660 98 1.44
f2131_73 116 1078 1136 1.44
f3151_13 106 576 53 1.44
f3312_28 100 231 41 1.44
f0157_12 106 376 819 1.45
f1480_24 98 329 864 1.45
f1609_27 103 273 1115 1.45
f1803_09 104 541 1200 1.45
f3529_11 113 525 700 1.45
f0569_42 97 874 9 1.46
f0730_41 74 236 62 1.46
f0783_27 98 462 510 1.46
f1850_16 73 524 1026 1.46
f2159_53 112 367 343 1.46
f2312_87 103 485 1129 1.46
f3135_37 117 212 235 1.46
f3375_30 116 62 117 1.46
f3889_26 112 782 685 1.46
f0031_02 95 995 260 1.47
f1014_23 96 640 487 1.47
f1236_11 105 811 576 1.47
f2313_55 111 609 1171 1.47
f3502_45 115 397 726 1.47
f0209_30 87 281 246 1.48
f0289_10 60 901 291 1.48
f0649_22 84 168 775 1.48
f1143_43 105 805 585 1.48
f1228_30 57 237 857 1.48
f1238_43 102 642 874 1.48
f2204_78 114 858 54 1.48
f2271_86 94 482 877 1.48
f2397_92 109 336 209 1.48
f0757_24 94 567 657 1.49
f1674_35 69 751 907 1.49
f1675_40 62 155 968 1.49
f1902_10 88 736 1073 1.49
f2129_55 113 330 610 1.49
f2363_77 110 801 1034 1.49
f2479_65 112 1054 897 1.49
f2574_64 107 389 955 1.49
f2583_71 85 337 1014 1.49
f3708_28 116 333 818 1.49
f0335_14 117 245 705 1.5
f0763_30 98 73 92 1.5
f0850_30 112 1011 933 1.5
f0982_06 88 751 847 1.5
f1390_10 109 430 1006 1.5
f1861_26 107 1103 631 1.5
f2450_56 104 38 704 1.5
f3388_36 110 1144 346 1.5
f3728_28 108 293 792 1.5
f3825_12 104 754 135 1.5
f4096_14 113 318 554 1.5
f0226_08 113 1037 1079 1.51
f0696_13 115 519 674 1.51
f0709_40 113 13 133 1.51
f1120_05 105 400 949 1.51
f1642_04 97 672 992 1.51
f1976_25 104 949 719 1.51
f3334_16 97 219 318 1.51
f3416_28 117 102 531 1.51
f3653_40 97 1064 822 1.51
f4024_12 110 732 283 1.51
f0613_28 116 223 1096 1.52
f1041_18 95 811 919 1.52
f2234_78 114 506 945 1.52
f2579_76 113 328 1135 1.52
f3392_06 116 587 1132 1.52
f3511_46 108 551 619 1.52
f3805_07 113 599 1073 1.52
f3808_45 106 608 51 1.52
f3835_39 111 797 821 1.52
f4025_17 114 160 1171 1.52
f0083_09 93 1163 90 1.53
f0697_31 104 636 776 1.53
f1471_42 96 104 854 1.53
f1919_17 96 1010 229 1.53
f2293_68 104 9 380 1.53
f3282_28 105 602 43 1.53
f0089_16 105 967 1147 1.54
f0225_20 72 927 1021 1.54
f3164_09 114 628 672 1.54
f3203_10 113 1181 1062 1.54
f3356_11 117 794 135 1.54
f3647_13 105 732 452 1.54
f3979_36 111 1135 353 1.54
f4075_12 116 239 529 1.54
f0688_09 88 723 1145 1.55
f0779_27 92 866 822 1.55
f0962_04 110 403 684 1.55
f1031_37 105 426 50 1.55
f1249_33 100 1166 84 1.55
f1422_18 112 939 708 1.55
f1531_34 92 1024 333 1.55
f1678_19 110 1103 278 1.55
f2362_73 97 448 855 1.55
f3309_37 111 358 937 1.55
f3850_20 114 1187 1128 1.55
f3867_42 107 1109 750 1.55
f4035_29 110 855 165 1.55
f0158_20 110 657 643 1.56
f0436_17 110 608 922 1.56
f0928_42 103 1058 699 1.56
f1762_28 112 867 767 1.56
f1931_49 51 976 573 1.56
f2100_97 114 217 662 1.56
f2125_64 111 960 878 1.56
f4053_14 91 82 630 1.56
f0203_21 111 230 650 1.57
f0282_04 65 829 313 1.57
f1418_02 102 429 1183 1.57
f1813_25 92 831 515 1.57
f1961_34 84 267 277 1.57
f3879_35 113 703 201 1.57
f0567_25 87 514 690 1.58
f1288_23 61 221 590 1.58
f1561_30 103 493 529 1.58
f1841_05 111 594 1016 1.58
f2055_31 96 486 471 1.58
f2172_67 114 187 627 1.58
f2205_74 97 211 398 1.58
f3185_38 113 690 560 1.58
f3308_03 104 1097 838 1.58
f4020_15 114 919 934 1.58
f0360_15 114 1034 675 1.59
f0532_09 116 231 23 1.59
f1141_12 96 546 550 1.59
f1211_04 109 531 859 1.59
f1408_02 73 45 899 1.59
f1600_43 105 517 4 1.59
f1689_07 108 900 765 1.59
f1879_44 94 311 1040 1.59
f2426_87 95 81 118 1.59
f3436_22 107 865 118 1.59
f3538_29 89 712 1186 1.59
f1021_16 72 399 838 1.6
f1340_02 108 101 936 1.6
f2049_38 100 141 1061 1.6
f2392_80 114 1159 1200 1.6
f0595_35 100 598 398 1.61
f1526_31 104 687 245 1.61
f1847_26 100 369 4 1.61
f3586_05 108 214 28 1.61
f3758_19 113 1094 1027 1.61
f0456_45 105 27 15 1.62
f0891_44 98 121 1037 1.62
f1270_28 107 569 1034 1.62
f1486_35 82 177 487 1.62
f1596_10 88 477 368 1.62
f2306_63 106 678 199 1.62
f2431_93 93 17 1051 1.62
f2544_53 105 622 449 1.62
f3146_14 101 868 430 1.62
f3796_14 91 1024 665 1.62
f4092_24 99 39 132 1.62
f0041_30 96 395 58 1.63
f0241_46 114 1038 343 1.63
f0266_14 105 12 1138 1.63
f1817_18 105 984 400 1.63
f2178_93 116 97 115 1.63
f3267_41 109 196 866 1.63
f3269_06 85 959 491 1.63
f3400_08 114 1017 465 1.63
f3467_12 109 268 751 1.63
f3843_30 114 212 1124 1.63
f0389_38 96 741 109 1.64
f0426_47 51 682 482 1.64
f0470_37 95 1003 1152 1.64
f0651_45 91 494 905 1.64
f0964_10 67 599 584 1.64
f1088_00 83 748 295 1.64
f1755_46 100 1190 1115 1.64
f3841_01 116 627 516 1.64
f0745_35 114 577 858 1.65
f0898_29 105 1111 1027 1.65
f1001_28 105 485 259 1.65
f1212_39 114 778 1089 1.65
f1454_12 96 241 221 1.65
f1487_45 105 1157 290 1.65
f1764_25 93 462 850 1.65
f2149_81 88 1026 175 1.65
f3126_20 114 425 255 1.65
f3597_18 114 350 647 1.65
f3753_43 113 271 1193 1.65
f3998_40 105 271 968 1.65
f0533_32 93 988 715 1.66
f0551_15 91 75 1061 1.66
f2398_51 107 498 635 1.66
f1618_39 102 449 790 1.67
f1862_37 109 508 733 1.67
f1946_25 94 1173 749 1.67
f2448_94 115 26 654 1.67
f3381_42 90 891 727 1.67
f3532_39 115 686 1175 1.67
f3683_06 113 210 509 1.67
f3830_48 103 822 970 1.67
f0077_13 106 707 1141 1.68
f0248_43 106 1033 254 1.68
f0985_44 102 1047 577 1.68
f1155_22 113 447 1172 1.68
f1685_23 97 592 676 1.68
f2341_65 115 1077 1187 1.68
f3358_28 105 327 840 1.68
f3658_27 103 874 601 1.68
f0123_28 97 144 462 1.69
f0341_00 60 130 640 1.69
f1792_12 112 471 846 1.69
f1958_33 86 88 353 1.69
f2117_54 95 1072 598 1.69
f2400_61 85 908 839 1.69
f2595_89 112 362 106 1.69
f3481_39 111 678 704 1.69
f3695_42 115 510 895 1.69
f1028_20 99 160 434 1.7
f1244_09 98 316 56 1.7
f1491_42 102 749 1034 1.7
f1683_30 107 11 913 1.7
f2051_15 107 1015 202 1.7
f2068_36 105 390 44 1.7
f2225_86 72 415 392 1.7
f3704_45 49 1153 160 1.7
f0238_02 80 1094 148 1.71
f0539_34 110 523 112 1.71
f0839_37 101 532 803 1.71
f1947_49 103 292 582 1.71
f2041_22 101 734 221 1.71
f2584_73 116 10 853 1.71
f3114_13 102 151 19 1.71
f3302_29 114 269 160 1.71
f3429_41 116 611 1195 1.71
f3834_35 116 206 15 1.71
f0632_45 78 312 1167 1.72
f0705_35 95 1120 326 1.72
f1289_06 89 678 618 1.72
f2412_86 110 639 28 1.72
f2541_99 114 1038 953 1.72
f3154_48 106 1024 613 1.72
f3878_43 105 458 408 1.72
f3885_04 115 944 247 1.72
f0071_21 77 473 462 1.73
f0145_33 89 801 1116 1.73
f1073_05 93 1115 757 1.73
f1234_26 78 546 772 1.73
f1451_24 83 114 366 1.73
f2164_60 115 798 785 1.73
f3202_01 101 581 991 1.73
f0036_39 92 429 259 1.74
f0107_06 107 644 1174 1.74
f0546_38 74 507 177 1.74
f0558_01 105 846 1017 1.74
f1779_01 104 481 504 1.74
f3484_17 109 346 56 1.74
f3608_13 116 1083 459 1.74
f3802_05 101 887 883 1.74
f4037_48 112 674 1079 1.74
f1247_15 113 99 188 1.75
f1353_42 101 364 592 1.75
f1499_12 81 631 963 1.75
f1503_02 81 19 399 1.75
f1562_13 101 211 947 1.75
f1986_20 106 48 308 1.75
f3596_19 105 315 354 1.75
f3800_17 95 607 813 1.75
f3824_05 115 268 89 1.75
f3925_41 114 148 488 1.75
f0098_33 90 1144 1148 1.76
f0742_09 78 659 660 1.76
f0809_16 106 153 1122 1.76
f1268_12 114 768 69 1.76
f1363_19 103 1106 24 1.76
f1714_49 102 139 841 1.76
f1838_49 96 444 939 1.76
f2485_77 113 181 1195 1.76
f3100_44 109 462 145 1.76
f3518_46 117 874 39 1.76
f3540_36 108 158 946 1.76
f3999_42 92 743 1047 1.76
f4029_29 114 232 209 1.76
f1324_40 110 1126 155 1.77
f2031_31 91 839 380 1.77
f2534_96 113 619 443 1.77
f3158_03 112 123 1182 1.77
f3294_06 114 63 764 1.77
f4059_48 109 1032 485 1.77
f1387_23 104 1017 462 1.78
f1730_21 97 993 72 1.78
f0221_37 104 369 924 1.79
f0423_04 96 677 1139 1.79
f0522_38 100 652 761 1.79
f1367_00 92 519 92 1.79
f1944_40 66 1141 209 1.79
f2297_69 107 1039 564 1.79
f3520_45 116 341 285 1.79
f0233_14 96 760 995 1.8
f1056_11 60 1095 143 1.8
f1508_14 83 574 71 1.8
f1697_45 102 8 503 1.8
f1701_10 97 457 1069 1.8
f1807_08 102 737 556 1.8
f2540_95 116 340 745 1.8
f3464_12 108 601 1042 1.8
f3764_37 115 590 1052 1.8
f3787_15 114 405 828 1.8
f3860_20 112 298 540 1.8
f0142_39 62 913 957 1.81
f0275_17 96 234 1026 1.81
f1673_32 89 864 966 1.81
f1891_18 104 1084 640 1.81
f1955_30 102 1080 285 1.81
f1964_32 105 1043 310 1.81
f2000_40 112 110 243 1.81
f3193_08 116 1151 1023 1.81
f3353_33 100 187 1171 1.81
f3442_00 108 891 1071 1.81
f3750_00 114 141 416 1.81
f4005_01 115 479 55 1.81
f0064_04 101 1007 1101 1.82
f1095_24 98 679 667 1.82
f1452_02 94 924 647 1.82
f1468_04 87 926 755 1.82
f1584_28 114 1019 228 1.82
f3350_11 96 444 371 1.82
f4046_46 105 432 680 1.82
f0290_29 93 1051 362 1.83
f1027_05 110 719 139 1.83
f1315_48 98 572 1054 1.83
f1743_33 75 342 44 1.83
f2316_50 98 909 1008 1.83
f3525_29 104 273 766 1.83
f3712_14 116 718 862 1.83
f1094_42 111 1077 859 1.84
f1145_39 41 942 791 1.84
f1160_23 71 710 205 1.84
f1205_25 102 426 380 1.84
f2282_53 96 1062 382 1.84
f3405_07 113 543 241 1.84
f3915_05 108 784 918 1.84
f0979_22 89 776 648 1.85
f1343_32 76 258 720 1.85
f1715_20 114 326 465 1.85
f1775_42 112 672 186 1.85
f2062_39 89 495 303 1.85
f3652_48 110 769 765 1.85
f0030_12 101 653 637 1.86
f1106_01 73 934 73 1.86
f1686_01 61 358 1166 1.86
f2515_57 111 275 35 1.86
f3311_03 106 1058 542 1.86
f3342_24 117 256 1014 1.86
f0383_43 113 1154 813 1.87
f1356_29 80 39 186 1.87
f1506_35 96 506 132 1.87
f1593_46 96 174 1056 1.87
f2153_90 78 864 639 1.87
f2383_60 112 574 826 1.87
f3338_15 102 484 410 1.87
f3692_49 117 754 70 1.87
f0170_40 97 686 306 1.88
f1250_24 60 1162 705 1.88
f1688_24 106 414 40 1.88
f1799_27 116 92 1086 1.88
f0000_14 93 301 1024 1.89
f0405_20 105 81 841 1.89
f0710_08 105 999 113 1.89
f1317_00 104 1149 968 1.89
f2557_98 112 883 1037 1.89
f3159_16 113 1056 35 1.89
f3262_45 87 478 308 1.89
f3360_00 114 413 892 1.89
f0630_16 104 863 23 1.9
f1276_10 109 78 1120 1.9
f1327_05 98 1140 258 1.9
f1400_25 102 1136 185 1.9
f1859_39 96 969 901 1.9
f2276_91 105 1074 1091 1.9
f2537_57 112 1060 989 1.9
f2573_61 114 327 551 1.9
f3391_40 116 583 493 1.9
f3637_45 109 1101 144 1.9
f4033_05 105 18 102 1.9
f0926_26 103 206 995 1.91
f1651_06 112 1016 451 1.91
f2535_60 108 123 1112 1.91
f2538_60 116 0 167 1.91
f3349_22 109 901 1020 1.91
f3739_34 105 218 503 1.91
f0146_33 81 753 412 1.92
f0260_38 108 1029 2 1.92
f0521_14 110 1118 581 1.92
f0575_25 89 892 760 1.92
f0822_30 103 791 596 1.92
f1125_41 106 390 847 1.92
f1555_23 111 287 973 1.92
f1698_35 105 352 458 1.92
f1752_29 115 233 468 1.92
f1983_00 87 1122 50 1.92
f2017_03 107 836 794 1.92
f2468_78 110 979 36 1.92
f3397_12 114 201 811 1.92
f1311_39 113 1187 1179 1.93
f1527_46 116 286 627 1.93
f1540_20 111 63 89 1.93
f1654_46 112 925 157 1.93
f1801_01 109 725 1116 1.93
f2290_64 114 655 429 1.93
f3859_23 112 49 403 1.93
f3957_18 109 885 311 1.93
f1624_03 98 918 1106 1.94
f1667_29 112 14 839 1.94
f1709_03 108 44 684 1.94
f2577_65 115 667 1178 1.94
f3389_44 116 163 1065 1.94
f3424_24 101 1141 2 1.94
f0695_31 84 504 879 1.95
f0893_25 93 1130 1117 1.95
f0945_28 110 1120 560 1.95
f1415_37 110 296 1028 1.95
f1441_43 97 343 344 1.95
f1844_38 100 881 821 1.95
f2481_58 112 153 270 1.95
f2483_64 108 1184 164 1.95
f3187_33 113 281 131 1.95
f3422_32 107 927 762 1.95
f3844_11 107 548 501 1.95
f0119_44 114 995 1195 1.96
f0211_26 108 648 280 1.96
f0675_24 96 266 356 1.96
f1631_40 109 176 365 1.96
f1849_46 108 535 844 1.96
f2582_70 111 1022 1027 1.96
f3316_22 106 235 65 1.96
f3461_23 117 137 376 1.96
f0043_10 103 1188 1167 1.97
f0510_47 103 663 31 1.97
f0714_32 107 790 222 1.97
f1043_42 103 230 1039 1.97
f1370_48 108 226 77 1.97
f3172_42 94 784 137 1.97
f0750_18 100 263 735 1.98
f1166_04 98 1089 440 1.98
f3112_45 100 727 1072 1.98
f3674_32 114 1060 1061 1.98
f3809_17 113 1086 1058 1.98
f3975_15 115 490 73 1.98
f3990_02 114 1122 232 1.98
f0601_32 59 515 41 1.99
f0655_10 90 677 173 1.99
f3759_43 106 106 1046 1.99
f4072_44 114 524 956 1.99
f0847_06 89 581 1194 2
f0910_22 97 784 1036 2
f0954_02 60 1002 486 2
f1082_22 107 102 170 2
f1210_47 105 565 544 2
f1587_05 96 784 282 2
f1653_02 107 491 222 2
f1889_05 113 736 218 2
f1903_48 95 69 745 2
f2324_84 108 1196 256 2
f2506_77 99 34 210 2
f3640_13 101 363 382 2
f0416_07 53 648 1131 2.01
f0679_42 109 517 1131 2.01
f1007_22 112 258 1141 2.01
f1252_21 66 895 363 2.01
f1447_28 112 1200 768 2.01
f1660_07 95 923 386 2.01
f1797_27 85 303 46 2.01
f2437_50 107 1048 282 2.01
f3641_13 112 537 698 2.01
f3896_07 114 343 874 2.01
f0084_19 95 578 1103 2.02
f0592_11 52 1147 1062 2.02
f0618_44 105 555 1118 2.02
f0694_49 71 372 161 2.02
f1999_37 108 801 112 2.02
f2252_75 106 72 1034 2.02
f2532_93 116 986 212 2.02
f2553_92 87 1058 733 2.02
f3192_37 113 1010 1069 2.02
f3195_04 107 558 727 2.02
f0269_21 74 883 999 2.03
f0990_06 71 1108 185 2.03
f0997_34 96 784 194 2.03
f1017_30 103 191 660 2.03
f1582_49 112 831 902 2.03
f1800_08 104 387 316 2.03
f2589_78 82 769 1200 2.03
f3285_15 114 25 6 2.03
f3298_12 112 290 742 2.03
f3642_03 64 948 1026 2.03
f3988_14 103 587 355 2.03
f1033_07 83 51 1149 2.04
f1322_16 58 695 358 2.04
f1883_03 103 611 449 2.04
f1892_07 102 735 736 2.04
f2396_91 109 371 1177 2.04
f2554_55 103 1200 943 2.04
f3113_40 105 1089 621 2.04
f0039_14 87 288 225 2.05
f0843_06 113 239 355 2.05
f1035_22 106 800 448 2.05
f1544_46 112 903 723 2.05
f3200_41 112 816 871 2.05
f3204_15 103 494 1182 2.05
f3345_12 113 617 815 2.05
f3468_13 114 213 1115 2.05
f3907_43 105 919 86 2.05
f4077_42 110 632 174 2.05
f0864_41 115 1027 671 2.06
f1048_31 116 911 321 2.06
f1215_02 102 883 993 2.06
f1623_09 78 304 371 2.06
f1806_29 115 435 80 2.06
f1901_07 100 605 901 2.06
f2026_32 111 296 165 2.06
f2096_00 106 69 1182 2.06
f2321_84 104 244 983 2.06
f2592_71 87 104 1040 2.06
f3171_30 114 410 500 2.06
f3250_14 114 577 727 2.06
f4021_01 116 529 203 2.06
f0180_29 85 58 30 2.07
f0446_03 113 470 468 2.07
f1085_29 82 882 36 2.07
f1507_20 95 644 779 2.07
f1648_00 98 256 1147 2.07
f1820_17 113 1040 1145 2.07
f1982_16 78 169 464 2.07
f2033_24 110 305 1139 2.07
f2270_87 98 440 781 2.07
f2569_58 114 567 905 2.07
f3662_24 116 308 694 2.07
f1080_00 89 271 414 2.08
f1383_16 106 1004 965 2.08
f2258_85 117 169 761 2.08
f2265_80 103 97 492 2.08
f2430_92 114 1040 231 2.08
f3161_02 111 404 612 2.08
f3261_00 114 818 99 2.08
f3296_35 64 789 116 2.08
f3336_15 105 1147 937 2.08
f4055_44 112 1145 679 2.08
f0252_30 104 1128 125 2.09
f0756_22 93 127 376 2.09
f1664_04 106 654 265 2.09
f1692_18 105 1139 278 2.09
f1894_39 97 1122 1193 2.09
f1967_21 105 596 695 2.09
f2087_13 100 928 367 2.09
f3524_43 114 304 946 2.09
f3869_23 114 97 1176 2.09
f0184_49 89 835 225 2.1
f0538_03 83 469 498 2.1
f1135_17 84 409 917 2.1
f1434_10 98 530 585 2.1
f1444_03 116 919 219 2.1
f2410_85 104 836 1183 2.1
f3236_26 105 154 990 2.1
f3254_32 78 686 645 2.1
f3587_27 114 49 158 2.1
f3626_35 116 447 926 2.1
f4051_49 96 863 8 2.1
f0255_48 116 887 442 2.11
f0656_11 84 180 376 2.11
f0747_24 111 1127 761 2.11
f3286_40 114 769 704 2.11
f3446_10 114 1122 638 2.11
f3794_17 94 512 1072 2.11
f0365_07 76 308 181 2.12
f0733_34 107 298 644 2.12
f1061_01 106 94 1022 2.12
f1167_31 96 239 490 2.12
f1656_24 106 176 884 2.12
f2156_56 112 945 950 2.12
f2174_61 106 889 111 2.12
f2195_64 105 1112 114 2.12
f3352_39 113 499 95 2.12
f3617_43 105 992 1152 2.12
f0970_15 97 683 591 2.13
f1026_41 75 122 814 2.13
f2151_92 100 1166 587 2.13
f2240_80 112 683 1161 2.13
f2302_58 99 867 518 2.13
f3281_27 112 879 1061 2.13
f3499_36 109 722 11 2.13
f3553_12 111 1006 134 2.13
f3572_03 110 553 603 2.13
f0072_36 87 712 758 2.14
f0130_28 106 708 1159 2.14
f0589_20 94 384 364 2.14
f0907_00 74 850 762 2.14
f1115_26 111 701 110 2.14
f1177_42 101 864 1135 2.14
f1796_21 98 483 25 2.14
f2122_65 116 629 1191 2.14
f2449_96 80 1024 694 2.14
f2487_92 77 460 182 2.14
f3183_15 115 455 867 2.14
f3789_16 112 433 828 2.14
f1398_48 96 454 183 2.15
f1438_26 81 1010 226 2.15
f1502_33 102 213 879 2.15
f1639_38 84 1123 76 2.15
f1776_35 99 300 1042 2.15
f1985_18 103 1139 1164 2.15
f3255_43 96 1176 553 2.15
f3717_48 115 1158 1009 2.15
f4060_46 108 1100 1012 2.15
f1213_10 86 1160 677 2.16
f1397_09 114 275 410 2.16
f2107_53 106 563 1090 2.16
f2145_89 87 477 70 2.16
f3476_46 110 130 302 2.16
f3726_09 93 546 349 2.16
f0197_34 111 1180 468 2.17
f0944_27 99 312 29 2.17
f1040_01 93 1175 420 2.17
f1349_00 106 762 252 2.17
f1611_08 99 566 958 2.17
f1943_00 99 487 809 2.17
f1980_17 87 825 670 2.17
f2048_19 94 117 788 2.17
f2335_52 114 341 909 2.17
f3544_20 105 710 276 2.17
f0120_29 91 956 854 2.18
f1898_09 76 725 1037 2.18
f1962_12 114 266 181 2.18
f2144_67 112 817 695 2.18
f2409_51 112 973 209 2.18
f3205_40 107 421 997 2.18
f3631_34 111 426 146 2.18
f3740_01 102 397 712 2.18
f3776_05 105 490 817 2.18
f4056_41 116 814 1036 2.18
f1186_07 96 432 356 2.19
f1284_38 86 407 410 2.19
f2160_96 112 72 622 2.19
f2171_70 91 1041 377 2.19
f2203_77 106 217 516 2.19
f3156_26 117 435 228 2.19
f4054_12 96 778 945 2.19
f0686_09 109 236 742 2.2
f1131_00 96 402 916 2.2
f1154_00 65 302 109 2.2
f1285_45 96 822 919 2.2
f1601_01 114 155 829 2.2
f2345_87 113 372 613 2.2
f2371_68 107 411 1099 2.2
f0716_15 86 1161 795 2.21
f1029_30 104 892 807 2.21
f1410_19 51 253 363 2.21
f2208_81 102 792 494 2.21
f3514_20 113 144 4 2.21
f3548_40 114 1099 716 2.21
f3827_08 108 118 1113 2.21
f3913_01 106 969 110 2.21
f4063_09 106 521 1002 2.21
f0918_47 87 1107 1136 2.22
f0966_44 100 370 899 2.22
f1374_18 113 319 473 2.22
f1805_13 94 1036 220 2.22
f1821_24 100 837 812 2.22
f1912_13 109 531 373 2.22
f2053_20 103 847 151 2.22
f2288_58 100 1116 222 2.22
f2295_67 87 799 285 2.22
f2596_86 114 629 183 2.22
f3198_32 114 621 712 2.22
f3277_09 112 838 622 2.22
f3601_49 110 370 316 2.22
f0379_10 111 128 1178 2.23
f0743_31 114 7 333 2.23
f0866_22 81 294 1049 2.23
f1055_16 95 652 17 2.23
f1099_37 85 397 1156 2.23
f2224_82 115 948 361 2.23
f2342_82 106 394 1121 2.23
f2526_71 108 821 808 2.23
f3770_21 105 651 526 2.23
f3935_48 108 803 464 2.23
f1002_33 82 1148 569 2.24
f2108_54 88 125 205 2.24
f2121_67 90 1065 1151 2.24
f3181_10 97 285 737 2.24
f3528_35 111 193 883 2.24
f0273_27 99 583 240 2.25
f1162_15 85 276 210 2.25
f1520_07 116 208 868 2.25
f1911_44 90 421 811 2.25
f1915_00 71 87 160 2.25
f2071_28 114 868 991 2.25
f3453_15 114 679 1102 2.25
f3455_32 109 978 522 2.25
f3664_18 98 461 838 2.25
f0309_42 107 810 556 2.26
f0583_26 87 1084 184 2.26
f0600_06 32 950 1059 2.26
f0946_31 86 59 712 2.26
f1100_46 41 473 257 2.26
f1112_30 114 375 85 2.26
f1124_24 114 153 11 2.26
f1223_27 103 839 363 2.26
f1245_39 81 151 540 2.26
f1751_08 89 1000 225 2.26
f3785_26 97 417 156 2.26
f3832_04 114 888 1199 2.26
f0461_47 114 700 1091 2.27
f1096_05 102 1124 264 2.27
f1334_00 96 791 617 2.27
f2039_13 90 936 718 2.27
f2139_75 82 516 647 2.27
f2140_77 108 819 845 2.27
f2475_66 107 490 397 2.27
f3448_15 107 989 485 2.27
f3595_18 91 698 567 2.27
f3644_26 110 535 792 2.27
f0207_46 110 7 6 2.28
f0877_17 114 134 812 2.28
f0974_14 105 52 958 2.28
f1481_35 115 780 451 2.28
f1598_49 51 1092 554 2.28
f1940_28 101 892 323 2.28
f2439_77 89 884 752 2.28
f3694_44 101 829 924 2.28
f3788_14 109 82 495 2.28
f4011_12 114 532 333 2.28
f0113_31 91 531 852 2.29
f0314_27 108 38 1055 2.29
f0631_03 112 495 395 2.29
f0852_40 103 938 239 2.29
f0860_21 103 161 629 2.29
f2104_50 115 704 282 2.29
f2281_52 116 939 1058 2.29
f3543_29 116 1197 796 2.29
f3598_35 116 224 185 2.29
f3874_15 113 552 307 2.29
f1235_34 104 525 662 2.3
f1424_45 104 988 1038 2.3
f1783_34 67 736 712 2.3
f1913_37 110 343 458 2.3
f2118_60 110 421 99 2.3
f2404_70 107 537 1080 2.3
f2511_52 114 845 880 2.3
f3580_22 116 321 687 2.3
f3875_35 113 571 901 2.3
f1312_23 103 62 1002 2.31
f1403_42 108 349 358 2.31
f1925_00 101 871 201 2.31
f2279_94 116 972 950 2.31
f2564_59 93 1063 636 2.31
f3235_00 107 124 1019 2.31
f4010_12 106 348 1193 2.31
f0574_03 94 51 364 2.32
f0644_19 113 518 183 2.32
f0683_02 105 113 352 2.32
f0727_27 79 1182 601 2.32
f0814_03 110 1064 218 2.32
f0818_03 96 568 1015 2.32
f0899_05 97 598 578 2.32
f0941_49 61 958 67 2.32
f1202_47 65 667 104 2.32
f1479_40 109 391 896 2.32
f1641_09 87 1088 786 2.32
f2200_55 108 1119 815 2.32
f2308_56 114 530 447 2.32
f2447_93 106 201 239 2.32
f3207_05 112 128 200 2.32
f3512_31 90 774 662 2.32
f3552_12 117 62 1044 2.32
f3593_26 115 795 71 2.32
f3887_39 114 499 970 2.32
f0879_35 111 530 72 2.33
f1379_47 87 997 120 2.33
f1827_17 102 673 1047 2.33
f1906_16 117 1168 752 2.33
f2076_31 109 69 394 2.33
f2248_68 87 760 981 2.33
f3359_42 109 1109 304 2.33
f3606_19 77 122 138 2.33
f0523_42 102 348 699 2.34
f1345_41 105 674 494 2.34
f1534_32 112 135 774 2.34
f2332_97 113 123 539 2.34
f2555_88 114 73 783 2.34
f3165_11 118 387 585 2.34
f3689_09 106 1103 187 2.34
f3914_30 116 737 65 2.34
f0325_17 80 328 713 2.35
f0520_25 87 364 144 2.35
f1777_29 103 1055 617 2.35
f1816_24 70 419 296 2.35
f1868_06 77 467 798 2.35
f2161_58 105 47 405 2.35
f2422_85 92 1167 659 2.35
f3376_29 116 11 804 2.35
f3519_18 90 422 429 2.35
f4073_38 114 582 290 2.35
f4080_22 115 154 965 2.35
f0200_38 55 219 240 2.36
f0420_19 113 930 921 2.36
f1005_12 40 84 51 2.36
f1058_32 113 573 660 2.36
f1355_03 108 348 1089 2.36
f1449_22 109 1146 389 2.36
f1737_09 87 463 1069 2.36
f2024_20 110 747 952 2.36
f2228_87 111 821 648 2.36
f3314_25 108 35 230 2.36
f3823_46 114 128 738 2.36
f3949_09 113 1135 1147 2.36
f0151_02 72 973 641 2.37
f0402_38 111 1046 788 2.37
f1537_32 91 481 1153 2.37
f1890_28 108 557 874 2.37
f1904_33 96 845 497 2.37
f3681_31 105 397 370 2.37
f4004_35 115 369 288 2.37
f0059_21 110 347 257 2.38
f0382_03 107 122 11 2.38
f0820_47 90 35 904 2.38
f1546_05 110 749 760 2.38
f2232_76 80 857 355 2.38
f3347_47 115 24 529 2.38
f0668_31 105 403 53 2.39
f0682_48 105 126 595 2.39
f1321_40 116 611 842 2.39
f1551_34 112 969 1113 2.39
f2285_54 106 960 606 2.39
f3589_24 115 566 1172 2.39
f3994_27 107 1119 374 2.39
f0582_44 85 528 837 2.4
f0605_00 113 391 1052 2.4
f0790_06 62 834 387 2.4
f0927_44 80 768 1006 2.4
f1199_24 109 724 833 2.4
f2162_62 99 150 168 2.4
f2549_82 79 1200 685 2.4
f3670_40 108 437 477 2.4
f0011_13 103 586 275 2.41
f1341_45 96 127 909 2.41
f1548_21 60 948 132 2.41
f3115_25 110 925 614 2.41
f3916_23 114 223 1015 2.41
f0762_20 106 221 628 2.42
f1957_41 102 708 920 2.42
f2113_94 116 564 440 2.42
f2350_98 107 906 495 2.42
f3289_18 115 707 1038 2.42
f3411_09 114 540 692 2.42
f3507_42 109 344 279 2.42
f3848_28 117 520 525 2.42
f3963_34 115 406 290 2.42
f0499_10 98 323 296 2.43
f1411_01 104 1029 354 2.43
f1585_06 112 537 12 2.43
f1616_04 114 576 478 2.43
f1704_29 113 130 329 2.43
f2176_64 96 297 932 2.43
f3466_22 114 79 1066 2.43
f3554_18 109 1141 141 2.43
f3855_47 100 1114 988 2.43
f3953_28 109 378 664 2.43
f3984_32 111 16 151 2.43
f0319_32 74 126 184 2.44
f0886_40 94 679 694 2.44
f0902_17 83 615 837 2.44
f1010_11 103 604 152 2.44
f1679_05 108 865 1102 2.44
f2414_89 116 666 371 2.44
f3258_46 111 106 671 2.44
f1036_49 95 562 589 2.45
f1431_47 105 723 998 2.45
f1459_30 86 209 1038 2.45
f3190_08 108 480 853 2.45
f3214_03 114 708 6 2.45
f3943_12 115 680 831 2.45
f4082_29 109 734 288 2.45
f0141_43 106 1111 216 2.46
f0354_10 53 505 322 2.46
f0810_40 84 208 714 2.46
f0949_02 85 896 1048 2.46
f1053_00 113 1022 823 2.46
f1169_08 114 12 576 2.46
f1352_27 98 386 172 2.46
f1581_39 101 651 889 2.46
f2168_66 97 50 462 2.46
f2566_51 114 411 699 2.46
f3873_37 116 423 263 2.46
f0869_20 78 568 424 2.47
f1189_06 85 256 621 2.47
f1524_26 103 1070 1071 2.47
f1899_19 61 472 643 2.47
f2007_45 74 882 981 2.47
f2073_06 114 111 183 2.47
f2095_37 52 6 1033 2.47
f2425_91 115 482 738 2.47
f3368_37 108 870 747 2.47
f3560_17 114 115 113 2.47
f3746_12 112 715 59 2.47
f3799_11 111 717 668 2.47
f0182_29 51 1056 1167 2.48
f0863_41 115 12 122 2.48
f1339_22 93 1135 808 2.48
f1630_21 112 401 598 2.48
f1739_23 114 184 797 2.48
f3615_49 117 46 1157 2.48
f3892_07 115 540 843 2.48
f0955_30 87 736 92 2.49
f1569_23 100 994 59 2.49
f2274_95 105 1143 1110 2.49
f2461_99 111 363 302 2.49
f3588_33 114 968 1141 2.49
f3831_41 117 173 899 2.49
f0781_31 108 543 648 2.5
f1389_01 97 33 1069 2.5
f1790_11 99 606 6 2.5
f2138_72 105 880 1152 2.5
f2141_85 109 155 1006 2.5
f2269_89 109 760 283 2.5
f2405_90 105 325 521 2.5
f3513_47 117 508 831 2.5
f3594_23 108 480 807 2.5
f3933_30 114 196 135 2.5
f4027_34 104 751 765 2.5
f0199_01 109 931 132 2.51
f0816_18 87 41 699 2.51
f1399_06 90 86 565 2.51
f3643_29 109 614 161 2.51
f3711_08 103 677 1147 2.51
f3724_32 107 216 373 2.51
f0206_38 78 52 895 2.52
f0545_49 86 540 403 2.52
f0669_11 89 878 15 2.52
f0857_21 106 843 409 2.52
f0938_10 110 304 777 2.52
f0989_33 96 142 263 2.52
f1570_40 96 306 787 2.52
f1643_46 112 161 588 2.52
f1804_32 85 197 69 2.52
f2301_65 112 826 1089 2.52
f2309_54 81 424 252 2.52
f2333_98 109 932 616 2.52
f2385_83 101 1072 442 2.52
f3382_25 114 1159 633 2.52
f3535_09 110 332 609 2.52
f0556_25 109 155 471 2.53
f1173_40 101 716 914 2.53
f1300_41 105 1109 92 2.53
f1620_12 88 572 372 2.53
f2275_90 104 864 748 2.53
f2378_69 111 281 681 2.53
f3284_38 103 124 644 2.53
f0032_27 75 497 447 2.54
f0894_09 114 1077 691 2.54
f1049_26 96 652 715 2.54
f1084_48 111 945 153 2.54
f1888_11 78 301 467 2.54
f1914_02 61 980 934 2.54
f1953_17 113 733 33 2.54
f2239_84 104 985 668 2.54
f2287_60 112 441 376 2.54
f2460_52 105 1028 636 2.54
f0752_25 117 603 832 2.55
f0960_13 85 777 241 2.55
f2522_61 113 281 1091 2.55
f3272_48 104 676 943 2.55
f3568_48 109 779 234 2.55
f3622_43 109 978 526 2.55
f3751_39 114 631 608 2.55
f0188_36 108 1101 590 2.56
f0279_03 97 562 808 2.56
f0671_18 113 1190 80 2.56
f1179_01 96 300 236 2.56
f1516_46 104 847 497 2.56
f1932_09 87 124 272 2.56
f2531_92 108 956 625 2.56
f3133_33 116 803 1043 2.56
f3246_06 108 194 675 2.56
f3357_06 109 64 1180 2.56
f3473_21 113 6 274 2.56
f3508_31 114 299 907 2.56
f3962_36 111 112 250 2.56
f1134_40 107 434 387 2.57
f2181_63 112 440 1034 2.57
f3240_48 70 1073 529 2.57
f3781_28 109 437 192 2.57
f3857_01 110 366 582 2.57
f0563_12 64 336 525 2.58
f1360_32 86 172 983 2.58
f1853_42 105 425 366 2.58
f3186_24 107 314 981 2.58
f3671_04 103 749 542 2.58
f3947_36 111 800 409 2.58
f3995_18 80 1179 1164 2.58
f0259_41 101 285 610 2.59
f0969_31 41 1192 1003 2.59
f1122_02 114 908 227 2.59
f1149_46 60 355 242 2.59
f1450_34 114 582 615 2.59
f2586_75 111 619 758 2.59
f3101_07 113 731 699 2.59
f3752_35 116 668 1158 2.59
f3993_05 114 1059 236 2.59
f0542_10 67 614 665 2.6
f0713_17 86 942 432 2.6
f1009_29 68 582 1052 2.6
f1318_17 104 530 945 2.6
f1407_18 86 289 1013 2.6
f1472_37 105 491 131 2.6
f1754_35 104 376 499 2.6
f1815_44 109 990 711 2.6
f1858_21 81 993 575 2.6
f2261_76 109 1059 916 2.6
f2296_73 107 497 999 2.6
f3155_15 115 891 624 2.6
f3575_04 104 983 638 2.6
f3783_47 116 1112 466 2.6
f4090_35 111 476 15 2.6
f0253_40 91 823 1104 2.61
f0301_33 97 130 906 2.61
f1130_48 107 140 954 2.61
f1237_18 87 366 365 2.61
f2499_74 97 1177 381 2.61
f3351_27 116 104 205 2.61
f3521_09 99 940 37 2.61
f3882_22 104 571 159 2.61
f0150_25 85 1145 932 2.62
f0573_31 107 194 315 2.62
f0773_10 87 1132 631 2.62
f1191_18 103 601 996 2.62
f1278_22 111 93 895 2.62
f1302_15 75 1144 417 2.62
f1628_45 94 85 813 2.62
f2180_96 111 104 253 2.62
f3295_35 105 672 603 2.62
f3780_30 113 695 489 2.62
f0159_14 103 1168 1124 2.63
f0621_33 107 150 545 2.63
f1025_22 105 252 260 2.63
f2105_51 57 142 118 2.63
f3404_40 116 803 1175 2.63
f3515_26 94 96 45 2.63
f3610_45 114 607 1067 2.63
f3614_06 114 332 1112 2.63
f0034_08 93 949 361 2.64
f0536_45 85 544 202 2.64
f1065_10 95 910 706 2.64
f2092_41 113 967 1 2.64
f2207_75 93 878 400 2.64
f2266_81 102 177 822 2.64
f2428_96 111 338 952 2.64
f2585_74 106 1190 844 2.64
f3337_21 117 541 417 2.64
f3393_08 106 804 1166 2.64
f3530_32 111 1060 452 2.64
f0693_40 112 910 471 2.65
f2082_26 109 847 818 2.65
f3116_03 100 492 821 2.65
f0240_02 111 567 493 2.66
f1525_00 103 419 671 2.66
f2255_70 116 284 675 2.66
f3883_18 115 937 872 2.66
f0577_19 105 28 210 2.67
f1997_00 105 36 1174 2.67
f0900_42 67 272 719 2.68
f1224_16 108 773 661 2.68
f1646_33 62 1150 451 2.68
f2229_88 97 508 144 2.68
f2402_75 116 304 615 2.68
f3313_11 107 989 553 2.68
f3469_10 111 936 578 2.68
f3747_12 63 563 253 2.68
f3772_10 116 1115 171 2.68
f0343_35 115 619 1062 2.69
f0867_28 100 865 155 2.69
f1050_39 105 123 522 2.69
f2124_66 93 455 934 2.69
f2331_93 82 1091 989 2.69
f3485_45 110 383 1027 2.69
f3941_08 102 937 1173 2.69
f0321_36 108 448 576 2.7
f0528_49 105 192 575 2.7
f0691_00 79 508 997 2.7
f0725_46 100 711 360 2.7
f0952_49 83 619 851 2.7
f1279_31 96 128 877 2.7
f2184_98 113 837 946 2.7
f2568_54 113 541 682 2.7
f4057_40 113 196 909 2.7
f0364_10 107 1056 369 2.71
f0419_29 97 988 792 2.71
f1218_35 85 42 480 2.71
f2186_55 110 536 913 2.71
f3160_19 111 982 948 2.71
f3412_27 103 1127 1186 2.71
f3667_35 117 211 251 2.71
f1842_34 105 948 57 2.72
f2201_80 110 165 737 2.72
f2530_91 114 532 410 2.72
f3323_10 111 697 1081 2.72
f3383_24 117 953 1132 2.72
f3492_35 112 770 751 2.72
f3839_11 100 1116 991 2.72
f3940_26 105 597 985 2.72
f0429_13 80 965 170 2.73
f0939_32 105 493 801 2.73
f1840_35 108 996 1079 2.73
f2322_80 117 717 626 2.73
f3458_26 116 1162 887 2.73
f0017_07 109 115 391 2.74
f0653_02 98 470 284 2.74
f0667_05 107 977 312 2.74
f0720_38 101 100 517 2.74
f0924_33 105 628 299 2.74
f0981_17 111 122 346 2.74
f1560_15 114 69 85 2.74
f2069_42 58 1102 435 2.74
f2085_02 111 950 0 2.74
f3103_38 116 394 875 2.74
f3551_12 92 1090 912 2.74
f3654_03 113 290 310 2.74
f3807_11 116 1121 36 2.74
f4087_40 99 968 314 2.74
f0789_10 103 1108 11 2.75
f1139_48 106 447 817 2.75
f1886_18 101 172 720 2.75
f2401_78 112 738 612 2.75
f2443_80 62 720 693 2.75
f2520_64 114 691 687 2.75
f3646_15 105 161 933 2.75
f3687_48 111 822 1042 2.75
f3723_03 115 153 297 2.75
f0166_12 96 581 362 2.76
f0270_23 81 435 751 2.76
f0148_21 42 261 1017 2.77
f0236_17 104 293 131 2.77
f0476_07 60 838 186 2.77
f1780_04 74 562 1131 2.77
f1960_26 114 794 140 2.77
f2128_52 100 610 1184 2.77
f2163_51 104 297 1188 2.77
f2179_58 116 855 1079 2.77
f3623_42 94 955 762 2.77
f3691_47 96 625 1188 2.77
f3972_19 109 1015 1151 2.77
f1104_24 81 20 404 2.78
f1457_23 111 874 488 2.78
f1989_45 97 1114 288 2.78
f2132_69 105 1049 725 2.78
f3179_39 104 239 879 2.78
f3434_00 116 733 208 2.78
f3603_14 112 453 291 2.78
f3634_16 111 901 431 2.78
f3819_19 97 873 530 2.78
f0104_43 103 915 348 2.79
f0775_24 105 438 213 2.79
f0950_21 93 889 790 2.79
f0963_21 88 1039 237 2.79
f1428_25 111 162 932 2.79
f1590_15 107 329 319 2.79
f1769_04 110 58 1 2.79
f2119_56 113 123 861 2.79
f3862_40 115 321 412 2.79
f0014_19 107 807 677 2.8
f0082_40 68 600 1148 2.8
f0478_10 85 157 481 2.8
f0597_00 105 87 1101 2.8
f0771_13 82 816 8 2.8
f0849_38 82 281 1046 2.8
f1305_42 109 567 195 2.8
f1377_09 75 1087 1174 2.8
f1595_34 105 237 219 2.8
f2391_85 110 209 774 2.8
f3378_44 113 25 857 2.8
f3719_06 112 624 520 2.8
f1588_11 109 228 34 2.81
f2210_96 112 1174 506 2.81
f2376_57 115 222 1166 2.81
f3555_14 114 1065 700 2.81
f3609_24 118 908 505 2.81
f0507_19 93 1189 1006 2.82
f1257_26 92 436 545 2.82
f1273_29 104 116 448 2.82
f1455_14 109 563 732 2.82
f2211_73 105 865 823 2.82
f2525_62 111 1118 441 2.82
f3562_47 103 219 254 2.82
f0048_00 54 882 1012 2.83
f0564_43 90 531 748 2.83
f1118_23 108 758 570 2.83
f3242_19 98 493 1199 2.83
f3474_05 110 700 319 2.83
f3950_44 110 502 316 2.83
f0591_27 109 299 546 2.84
f1650_05 95 500 752 2.84
f2593_72 105 335 258 2.84
f3322_40 116 431 149 2.84
f4016_16 110 168 231 2.84
f0006_12 100 963 1155 2.85
f0189_49 86 422 490 2.85
f0703_11 113 536 714 2.85
f0919_47 102 1148 705 2.85
f1256_05 75 675 671 2.85
f1718_29 98 1172 223 2.85
f3566_36 102 1148 273 2.85
f3910_30 105 193 1076 2.85
f0455_26 70 615 564 2.86
f0508_20 72 52 809 2.86
f0718_13 101 449 0 2.86
f1612_47 104 1111 228 2.86
f1696_08 99 1081 222 2.86
f1856_37 96 588 210 2.86
f2008_26 100 20 977 2.86
f2250_52 105 256 184 2.86
f3813_08 104 45 954 2.86
f3868_35 113 615 860 2.86
f3989_21 112 1079 903 2.86
f0587_34 103 820 1014 2.87
f1426_27 109 742 587 2.87
f2238_86 105 237 351 2.87
f3556_19 91 818 1045 2.87
f0875_02 96 446 292 2.88
f0995_43 97 553 136 2.88
f1366_49 100 952 384 2.88
f1896_13 98 605 926 2.88
f3426_23 96 282 428 2.88
f0554_17 102 116 625 2.89
f0788_34 87 516 1121 2.89
f0874_26 113 190 1083 2.89
f0890_35 115 1145 406 2.89
f1060_13 95 164 62 2.89
f1156_23 92 1078 492 2.89
f1460_02 95 764 904 2.89
f1550_34 106 738 330 2.89
f1684_08 109 98 1163 2.89
f1877_30 106 1165 556 2.89
f2249_75 87 227 533 2.89
f3792_21 100 506 861 2.89
f4001_45 115 403 243 2.89
f0755_46 86 811 187 2.9
f1490_31 101 580 874 2.9
f1580_14 85 148 67 2.9
f2036_29 114 389 897 2.9
f2406_72 121 814 649 2.9
f0561_12 105 1053 178 2.91
f1063_36 114 160 352 2.91
f1227_38 99 831 548 2.91
f1329_29 104 1122 503 2.91
f1364_24 59 778 1135 2.91
f2519_67 111 1080 762 2.91
f3757_19 115 468 382 2.91
f3884_40 109 1058 972 2.91
f3930_25 112 390 483 2.91
f0029_05 96 591 524 2.92
f0578_14 89 180 1026 2.92
f1870_30 111 171 743 2.92
f3482_33 108 141 612 2.92
f3517_27 102 361 1032 2.92
f4030_29 94 302 1109 2.92
f0660_10 105 843 761 2.93
f0881_03 80 871 189 2.93
f1543_08 106 191 460 2.93
f2177_57 69 109 518 2.93
f3252_32 115 436 644 2.93
f3494_34 116 630 55 2.93
f3527_33 117 1173 471 2.93
f3655_18 106 479 783 2.93
f3738_16 108 649 622 2.93
f0724_37 90 1084 83 2.94
f0859_01 107 784 1167 2.94
f0908_25 87 1196 1118 2.94
f1711_35 87 369 250 2.94
f3401_42 117 688 737 2.94
f3899_30 115 394 967 2.94
f4043_08 52 278 150 2.94
f4044_44 103 1135 362 2.94
f0987_34 109 1153 1077 2.95
f1161_00 68 738 132 2.95
f1774_40 113 789 149 2.95
f2318_78 105 966 720 2.95
f2462_98 112 1121 221 2.95
f3108_34 115 694 1161 2.95
f3327_11 117 109 306 2.95
f0161_16 109 898 200 2.96
f0305_08 100 760 993 2.96
f0326_35 107 1052 322 2.96
f0833_32 109 752 394 2.96
f2194_63 111 273 652 2.96
f2233_79 108 663 376 2.96
f3283_17 116 892 1082 2.96
f3414_29 113 712 593 2.96
f3571_20 102 894 184 2.96
f3630_14 105 41 163 2.96
f3744_12 113 507 1135 2.96
f0638_07 71 281 860 2.97
f0731_05 111 750 297 2.97
f0768_20 93 721 83 2.97
f1068_20 57 33 138 2.97
f1380_34 96 177 781 2.97
f1401_36 94 1155 797 2.97
f1909_43 90 678 1024 2.97
f2148_78 113 73 106 2.97
f3177_03 115 663 337 2.97
f3876_02 116 987 763 2.97
f0778_20 100 21 217 2.98
f1230_10 102 664 690 2.98
f1325_20 111 132 1093 2.98
f1941_44 117 1162 536 2.98
f2326_83 117 1179 330 2.98
f3188_47 108 1113 203 2.98
f3505_39 115 1001 742 2.98
f0540_22 90 2 592 2.99
f0596_26 111 331 642 2.99
f0617_30 114 159 228 2.99
f1605_44 108 479 168 2.99
f1907_22 107 44 310 2.99
f3259_15 114 245 428 2.99
f3276_49 116 167 257 2.99
f3361_17 114 1108 801 2.99
f3372_23 111 272 981 2.99
f3509_42 99 276 744 2.99
f3526_34 109 865 596 2.99
f4014_43 112 284 279 2.99
f0676_08 107 947 139 3
f0717_46 105 28 985 3
f2367_63 93 284 1055 3
f3109_30 112 298 527 3
f3500_08 112 1130 1020 3
f3784_14 86 28 195 3
f3786_04 107 1074 260 3
f0943_40 103 925 833 3.01
f1275_19 105 351 83 3.01
f2101_62 101 810 883 3.01
f2173_74 110 653 552 3.01
f3170_08 111 975 384 3.01
f3676_37 112 734 582 3.01
f0144_05 114 1064 385 3.02
f1158_21 112 152 401 3.02
f1521_17 97 785 815 3.02
f2227_89 99 1148 482 3.02
f2478_68 84 642 531 3.02
f3199_08 116 912 1024 3.02
f3955_03 112 1074 1191 3.02
f0005_26 73 23 382 3.03
f1148_23 89 1116 1194 3.03
f1905_23 103 782 315 3.03
f3248_19 117 47 329 3.03
f4062_17 115 1047 816 3.03
f1208_33 73 366 35 3.04
f3569_18 112 234 87 3.04
f0069_14 109 25 808 3.05
f0599_04 105 257 1171 3.05
f0897_19 45 167 436 3.05
f0913_31 103 872 1176 3.05
f0914_27 106 1072 1037 3.05
f1515_36 111 598 897 3.05
f1971_12 100 198 966 3.05
f2575_67 87 658 77 3.05
f3420_27 115 792 1046 3.05
f3978_35 115 180 650 3.05
f0504_29 107 953 33 3.06
f1855_37 114 1020 56 3.06
f2056_40 78 210 78 3.06
f2123_63 112 375 506 3.06
f3137_47 115 374 1064 3.06
f0230_04 70 1094 798 3.07
f0746_28 82 883 697 3.07
f1023_49 64 930 724 3.07
f1358_13 58 907 345 3.07
f2093_26 107 1044 453 3.07
f2127_59 105 351 300 3.07
f2244_94 106 685 522 3.07
f2260_57 96 197 837 3.07
f3870_03 108 1096 761 3.07
f0363_43 51 124 965 3.08
f0646_22 107 238 631 3.08
f0837_08 51 107 629 3.08
f1196_16 100 971 702 3.08
f1259_08 100 961 500 3.08
f1510_28 114 1138 826 3.08
f1529_23 99 889 621 3.08
f2059_42 110 924 645 3.08
f3239_36 106 811 683 3.08
f3256_38 106 801 166 3.08
f3822_47 114 1077 140 3.08
f0421_33 88 367 611 3.09
f1119_27 106 1114 767 3.09
f1328_01 96 1079 1030 3.09
f1597_45 94 620 356 3.09
f2561_89 116 523 790 3.09
f3157_23 106 381 735 3.09
f0626_23 105 1193 421 3.1
f0968_30 87 263 442 3.1
f1255_13 90 677 21 3.1
f1691_07 87 72 948 3.1
f2003_18 106 572 714 3.1
f3232_11 108 955 404 3.1
f4068_21 96 2 922 3.1
f0175_47 101 776 829 3.11
f0652_30 102 78 328 3.11
f2334_99 101 993 950 3.11
f2490_91 106 1111 24 3.11
f2597_88 107 771 12 3.11
f3346_12 106 706 614 3.11
f3447_20 114 515 415 3.11
f3635_09 98 685 769 3.11
f3763_41 105 319 506 3.11
f3847_24 114 262 999 3.11
f3987_13 117 714 112 3.11
f0645_45 75 257 767 3.12
f1057_34 116 11 220 3.12
f1433_36 97 636 647 3.12
f1869_07 78 990 234 3.12
f1884_05 106 532 878 3.12
f2052_11 114 1171 101 3.12
f2466_76 106 199 282 3.12
f4049_18 116 1113 190 3.12
f0334_01 91 421 1163 3.13
f0457_13 85 1094 149 3.13
f0505_13 89 149 453 3.13
f0933_38 107 1070 98 3.13
f1304_45 86 307 681 3.13
f1532_16 109 489 259 3.13
f1825_06 97 1067 896 3.13
f2091_28 110 372 818 3.13
f2488_90 104 279 969 3.13
f2497_54 115 734 1036 3.13
f3409_20 106 338 1061 3.13
f0590_06 110 969 1160 3.14
f0840_37 108 29 133 3.14
f1016_36 62 313 294 3.14
f1201_49 107 354 754 3.14
f1448_42 95 909 44 3.14
f1830_16 105 604 995 3.14
f3716_43 115 105 1110 3.14
f3793_06 96 1166 262 3.14
f3927_00 109 367 926 3.14
f4026_43 116 474 9 3.14
f0135_03 91 402 727 3.15
f0529_06 87 229 0 3.15
f1348_27 64 320 18 3.15
f1693_00 106 1085 334 3.15
f1787_36 96 66 10 3.15
f1789_37 110 354 380 3.15
f2212_74 105 1188 17 3.15
f2420_84 117 302 293 3.15
f3483_16 114 693 911 3.15
f4047_15 117 541 270 3.15
f0374_13 107 724 631 3.16
f0831_15 108 1037 174 3.16
f1020_31 88 870 1096 3.16
f1765_33 107 535 205 3.16
f3900_35 111 798 1024 3.16
f3911_34 114 133 95 3.16
f4023_00 105 167 498 3.16
f4084_14 113 1049 467 3.16
f4099_10 114 1060 1123 3.16
f0133_23 102 319 806 3.17
f0585_26 110 106 651 3.17
f1681_44 111 1039 953 3.17
f3496_38 104 998 678 3.17
f3826_07 94 1152 747 3.17
f1038_35 114 920 133 3.18
f1493_36 92 1067 233 3.18
f3117_11 116 366 37 3.18
f3120_04 111 310 871 3.18
f3220_48 113 24 1172 3.18
f3838_46 116 639 31 3.18
f3866_43 99 357 10 3.18
f0127_07 107 602 243 3.19
f0594_00 97 858 909 3.19
f0972_43 78 644 543 3.19
f1445_31 112 871 38 3.19
f1794_07 85 726 291 3.19
f1900_12 112 465 846 3.19
f3315_23 101 668 139 3.19
f0806_09 108 1044 1032 3.2
f1577_15 101 1157 447 3.2
f1680_37 105 827 828 3.2
f1878_33 103 1080 612 3.2
f1991_47 100 1128 548 3.2
f2264_82 110 328 587 3.2
f3139_09 111 864 555 3.2
f3417_01 110 849 929 3.2
f3917_03 115 343 88 3.2
f4095_43 114 355 695 3.2
f0449_22 73 853 212 3.21
f1193_46 98 381 156 3.21
f1950_08 107 537 534 3.21
f2559_95 73 490 468 3.21
f3143_04 115 924 642 3.21
f3810_05 104 497 262 3.21
f0242_22 90 25 35 3.22
f0604_11 112 429 1052 3.22
f0784_30 108 818 658 3.22
f1297_30 74 293 645 3.22
f1845_02 105 593 903 3.22
f1996_12 110 540 576 3.22
f3395_44 116 130 758 3.22
f3449_11 114 989 1056 3.22
f3851_19 105 715 977 3.22
f3918_03 132 1190 718 3.22
f1793_33 83 838 376 3.23
f1939_13 102 116 756 3.23
f2190_52 114 219 323 3.23
f2219_62 100 890 676 3.23
f2387_81 105 1035 285 3.23
f2529_70 108 204 140 3.23
f3399_09 107 564 962 3.23
f3549_47 114 82 437 3.23
f4045_31 114 167 1001 3.23
f0431_36 111 932 222 3.24
f0896_44 106 1119 91 3.24
f0906_29 87 593 902 3.24
f1011_35 91 573 701 3.24
f1748_30 114 373 905 3.24
f2286_50 99 1006 109 3.24
f2508_71 111 165 1106 3.24
f3362_03 114 956 341 3.24
f3730_33 110 361 929 3.24
f3816_24 114 733 1134 3.24
f4089_12 109 390 902 3.24
f0662_29 107 5 1196 3.25
f0889_48 87 1120 637 3.25
f0977_37 94 1068 471 3.25
f2126_57 101 441 694 3.25
f3837_30 113 324 295 3.25
f0641_22 99 852 13 3.26
f0664_26 71 1187 389 3.26
f0698_45 106 940 1155 3.26
f1423_05 43 914 817 3.26
f1702_13 111 299 165 3.26
f1876_22 81 482 764 3.26
f2075_09 101 925 331 3.26
f2165_54 100 551 612 3.26
f2505_79 96 1022 693 3.26
f3425_47 110 966 446 3.26
f3452_13 109 131 1145 3.26
f0055_09 106 373 589 3.27
f0112_07 114 84 781 3.27
f0807_16 87 49 153 3.27
f1791_04 106 1151 1059 3.27
f3153_49 114 133 66 3.27
f0288_48 94 914 1034 3.28
f0480_41 75 923 986 3.28
f1240_01 103 1182 167 3.28
f2032_22 77 284 396 3.28
f2099_21 101 10 907 3.28
f3287_41 105 710 162 3.28
f3480_48 116 640 598 3.28
f4067_23 116 168 480 3.28
f0424_27 59 890 297 3.29
f0665_47 104 382 710 3.29
f1164_21 102 88 554 3.29
f1538_15 87 918 197 3.29
f1637_03 88 1046 831 3.29
f2111_87 113 452 490 3.29
f3224_05 104 408 338 3.29
f3701_44 112 440 547 3.29
f3814_43 115 980 819 3.29
f4036_01 114 625 130 3.29
f0214_05 101 1027 752 3.3
f0413_09 88 393 1063 3.3
f0842_22 96 121 604 3.3
f1034_02 87 1147 90 3.3
f1271_05 91 1083 581 3.3
f1599_48 92 460 620 3.3
f1722_43 115 812 803 3.3
f2004_29 96 932 608 3.3
f2019_34 104 434 88 3.3
f2022_38 114 750 649 3.3
f2152_98 89 963 614 3.3
f3441_24 116 883 1118 3.3
f0349_40 90 758 508 3.31
f0458_38 109 194 1019 3.31
f0515_18 107 1001 397 3.31
f2157_61 105 731 855 3.31
f2389_86 109 1053 240 3.31
f3125_02 105 215 719 3.31
f3660_26 97 709 492 3.31
f0848_42 49 207 261 3.32
f1649_03 114 941 202 3.32
f1874_36 112 1016 1134 3.32
f2035_49 108 154 458 3.32
f2352_97 104 570 564 3.32
f3180_41 82 982 968 3.32
f3274_27 117 480 85 3.32
f3421_31 114 21 751 3.32
f3922_38 103 345 562 3.32
f0167_33 93 198 545 3.33
f0500_38 101 724 162 3.33
f0531_48 110 218 1108 3.33
f0825_23 9 86 346 3.33
f0912_01 101 979 935 3.33
f1442_28 92 1000 432 3.33
f1744_39 112 844 263 3.33
f2167_65 105 25 1019 3.33
f1030_04 96 562 1050 3.34
f1466_48 93 25 154 3.34
f1496_39 103 549 1102 3.34
f2236_83 92 37 862 3.34
f2464_74 100 1001 976 3.34
f3266_12 111 296 1 3.34
f3766_48 105 324 419 3.34
f0016_39 85 897 727 3.35
f0956_32 110 219 258 3.35
f1146_05 55 725 565 3.35
f3489_38 96 361 1179 3.35
f3673_48 114 148 503 3.35
f3804_08 112 452 441 3.35
f0635_33 110 982 422 3.36
f1044_04 101 813 22 3.36
f1627_25 114 675 384 3.36
f1824_18 104 464 439 3.36
f2018_05 98 877 380 3.36
f2028_18 85 777 807 3.36
f2501_53 114 973 323 3.36
f2514_50 114 649 204 3.36
f2521_66 105 910 944 3.36
f3243_44 117 329 327 3.36
f3493_27 119 202 247 3.36
f3546_36 114 1138 694 3.36
f3745_12 107 686 1098 3.36
f0376_05 86 319 914 3.37
f1578_22 69 86 639 3.37
f1583_41 115 613 1014 3.37
f3310_44 109 284 486 3.37
f3396_07 113 193 1019 3.37
f3968_18 117 449 127 3.37
f0106_05 99 150 663 3.38
f0550_24 108 725 25 3.38
f0753_05 87 668 880 3.38
f1216_32 109 785 736 3.38
f1261_39 64 848 535 3.38
f1705_41 115 881 410 3.38
f3645_14 101 718 1017 3.38
f0516_45 114 93 969 3.39
f0838_49 101 1152 858 3.39
f0925_21 114 1181 969 3.39
f1533_23 115 450 18 3.39
f1634_38 98 339 110 3.39
f1798_42 87 948 683 3.39
f2011_41 114 1088 21 3.39
f2289_62 114 120 537 3.39
f2471_82 109 848 746 3.39
f3238_40 114 356 855 3.39
f3293_30 105 673 552 3.39
f3321_36 117 927 951 3.39
f3677_29 113 162 392 3.39
f0634_01 92 1011 554 3.4
f1072_34 84 326 337 3.4
f1200_36 87 329 845 3.4
f2043_25 78 657 1138 3.4
f2047_48 87 852 47 3.4
f2237_82 113 431 876 3.4
f3602_12 102 706 723 3.4
f3682_45 114 825 385 3.4
f3722_39 117 225 928 3.4
f3801_00 114 959 688 3.4
f1054_20 93 220 401 3.41
f1274_24 110 551 665 3.41
f1427_16 108 240 863 3.41
f1687_40 84 82 1039 3.41
f1843_09 98 333 706 3.41
f2166_63 116 1131 1165 3.41
f2399_85 105 561 769 3.41
f2413_87 114 671 486 3.41
f2590_60 104 647 970 3.41
f3291_47 90 379 510 3.41
f3440_33 113 825 1143 3.41
f3803_39 104 261 946 3.41
f3958_42 114 322 14 3.41
f0530_15 112 156 775 3.42
f1150_03 105 829 186 3.42
f1233_46 112 445 67 3.42
f1391_35 116 1123 1054 3.42
f1930_02 114 897 426 3.42
f2259_68 105 714 900 3.42
f3231_19 106 966 328 3.42
f3611_14 116 1056 21 3.42
f3861_21 117 275 87 3.42
f0272_13 94 328 450 3.43
f0320_41 113 167 25 3.43
f0738_13 101 933 708 3.43
f0780_06 93 149 4 3.43
f0967_29 114 777 1200 3.43
f1052_05 87 1002 771 3.43
f1647_28 113 315 1074 3.43
f1700_36 103 9 337 3.43
f1708_22 92 25 388 3.43
f1731_34 54 855 926 3.43
f1802_35 64 572 280 3.43
f1975_00 90 81 1080 3.43
f2382_52 117 402 880 3.43
f2411_88 109 295 510 3.43
f3858_25 116 48 151 3.43
f0467_18 96 363 563 3.44
f1170_00 114 1178 1075 3.44
f1589_38 109 798 414 3.44
f1699_42 108 886 161 3.44
f1966_31 78 760 804 3.44
f3561_09 109 515 931 3.44
f3709_31 113 1007 771 3.44
f0262_15 101 1081 715 3.45
f0892_23 95 94 721 3.45
f2467_77 114 1060 815 3.45
f3450_19 116 1050 364 3.45
f3741_12 98 422 1049 3.45
f3762_40 101 327 829 3.45
f0277_33 88 1081 328 3.46
f0957_15 116 883 1047 3.46
f1613_27 109 473 938 3.46
f1784_17 97 269 171 3.46
f1848_43 104 269 479 3.46
f2084_07 104 456 173 3.46
f2103_60 111 478 573 3.46
f2457_97 114 759 984 3.46
f3419_33 115 817 131 3.46
f4076_42 113 894 281 3.46
f0754_01 74 911 919 3.47

