l000 400 301 1024 3.25446370441096
l001 400 1063 1117 8.66865744888077
l002 400 23 382 14.7114759689759
l003 400 963 1155 10.1794886583702
l004 400 948 363 2.9218488416375
l005 400 586 275 1.06013583435122
l006 400 807 677 18.2659946034785
l007 400 897 727 7.05682937395573
l008 400 115 391 4.08874266851302
l009 400 738 494 19.1116499138818
l010 400 496 176 17.3223496156184
l011 400 591 524 8.58627504028399
l012 400 653 637 2.90725778105099
l013 400 995 260 10.9842492178804
l014 400 497 447 19.7872388102911
l015 400 949 361 12.8222481486576
l016 400 1065 471 8.46870979072427
l017 400 429 259 8.17910840935096
l018 400 1151 458 1.65465483505207
l019 400 805 1184 9.74058371787514
l020 400 288 225 2.88445163894273
l021 400 147 392 8.34035728594235
l022 400 395 58 7.7779253530419
l023 400 113 655 18.6930073055201
l024 400 1188 1167 3.21919396611323
l025 400 882 1012 3.09164077012512
l026 400 831 866 14.3990925824356
l027 400 657 388 1.15973399635422
l028 400 1116 93 1.33216870137912
l029 400 373 589 18.7322054378565
l030 400 177 1169 3.11001104240259
l031 400 347 257 3.15082722780487
l032 400 874 241 9.07448259231956
l033 400 1007 1101 3.73497091755208
l034 400 861 747 2.71916753830765
l035 400 632 846 11.197358000138
l036 400 38 110 16.7458172304594
l037 400 201 716 3.92825068448622
l038 400 25 808 16.3513779715476
l039 400 473 462 12.963826228367
l040 400 712 758 19.989793835222
l041 400 520 526 7.182270191423
l042 400 707 1141 9.53424075778861
l043 400 954 177 6.29662362765451
l044 400 600 1148 11.8333830340515
l045 400 1163 90 5.64209730879993
l046 400 578 1103 20.0122999467736
l047 400 977 168 1.28565158737456
l048 400 734 865 11.7325493882851
l049 400 428 81 7.74964451584588
l050 400 967 1147 17.0523056863458
l051 400 1150 120 10.9297911043702
l052 400 235 473 20.6523390062123
l053 400 724 554 20.4466406931227
l054 400 1176 374 20.663319519859
l055 400 159 795 18.3667653700995
l056 400 1144 1148 20.5063376608131
l057 400 748 1016 6.48653916641209
l058 400 915 348 9.51528664620333
l059 400 150 663 18.8954901622102
l060 400 644 1174 8.13206050803792
l061 400 116 501 17.7715964780794
l062 400 606 49 6.74617681463623
l063 400 84 781 2.16671754818327
l064 400 531 852 3.00293260848027
l065 400 352 332 12.7567915367423
l066 400 524 409 2.28542680380936
l067 400 995 1195 10.1893872987898
l068 400 956 854 1.47052619339079
l069 400 747 449 7.20969128282848
l070 400 144 462 9.826080467844
l071 400 1190 258 9.68797375221785
l072 400 503 170 12.8017661660895
l073 400 602 243 20.8618920127888
l074 400 1103 429 7.81006494556522
l075 400 9 626 3.97831601343977
l076 400 708 1159 7.44122709561669
l077 400 319 806 13.0191324945253
l078 400 402 727 9.78944103087927
l079 400 167 612 14.8641333557627
l080 400 1111 216 16.0409763367447
l081 400 913 957 19.4901982991672
l082 400 1064 385 9.82135846560731
l083 400 801 1116 17.1879830571356
l084 400 753 412 9.97020256477811
l085 400 261 1017 19.6279657601194
l086 400 1145 932 8.55633351639903
l087 400 973 641 12.7182200176246
l088 400 492 848 17.8354630154947
l089 400 376 819 19.0466517412533
l090 400 657 643 3.40512855010858
l091 400 1168 1124 17.3322395189296
l092 400 898 200 5.30093991835018
l093 400 52 305 8.49781681044967
l094 400 996 551 4.61757069591979
l095 400 1151 815 9.75349141178406
l096 400 581 362 18.3108073831699
l097 400 198 545 1.94112745409534
l098 400 483 776 19.117727190839
l099 400 686 306 14.4631449289159
m000 80 981 148 11.0767053075893
m001 80 450 489 3.33489620196958
m002 80 300 824 6.32349723990549
m003 80 776 829 10.9390116751434
m004 80 47 777 9.27550447466429
m005 80 58 30 13.1612180751004
m006 80 1056 1167 19.3065561575336
m007 80 599 1059 11.8803268725304
m008 80 835 225 1.92205351237683
m009 80 386 1199 4.10402694465729
m010 80 1005 154 7.73550328273368
m011 80 1101 590 15.2181926456075
m012 80 422 490 8.82089796781197
m013 80 641 772 13.9715225120769
m014 80 657 225 10.8028342093502
m015 80 387 841 14.8635579622994
m016 80 1180 468 9.81819947379209
m017 80 931 132 10.6249348251641
m018 80 219 240 2.24436073166063
m019 80 1085 988 8.13634332326531
m020 80 301 211 7.60075305328782
m021 80 230 650 13.1905856309672
m022 80 52 895 6.93259411096441
m023 80 7 6 11.5043023700615
m024 80 1177 938 16.7236180271106
m025 80 281 246 1.19978556651139
m026 80 58 386 4.33517043950799
m027 80 648 280 15.8829480416512
m028 80 44 180 10.3503748329329
m029 80 1027 752 5.34868478750632
m030 80 215 745 9.6860928808915
m031 80 369 924 1.5610532454054
m032 80 911 103 17.5695688921859
m033 80 927 1021 14.7219020178912
m034 80 1037 1079 13.8950535716702
m035 80 1089 727 18.8204793220636
m036 80 1094 798 19.5939381190248
m037 80 266 615 15.5741925267802
m038 80 760 995 4.09415095259162
m039 80 416 691 6.97378649612248
m040 80 293 131 7.70888732796321
m041 80 304 148 7.09052220735347
m042 80 1094 148 14.2882973353099
m043 80 702 399 15.7590693217125
m044 80 567 493 12.9468491808053
m045 80 1038 343 2.20586130857303
m046 80 25 35 3.66575349178249
m047 80 785 922 5.50665333049919
m048 80 1068 1152 5.55387667427232
m049 80 1033 254 15.898576016025
m050 80 1065 343 20.0011282847714
m051 80 1128 125 3.1478010630503
m052 80 823 1104 19.7557140538291
m053 80 316 1099 2.01967557024055
m054 80 887 442 16.7601507391307
m055 80 651 1032 2.03061964283999
m056 80 285 610 12.1534202130272
m057 80 1029 2 15.5004139756296
m058 80 1081 715 6.63411192077319
m059 80 333 781 6.00653205668514
m060 80 12 1138 4.01162526362797
m061 80 466 1128 10.64688795923
m062 80 883 999 15.5905513595187
m063 80 435 751 17.3372167371059
m064 80 328 450 7.02212895519022
m065 80 583 240 7.83503032480385
m066 80 234 1026 4.10011252422626
m067 80 24 577 20.6251713937464
m068 80 1081 328 12.7525454933555
m069 80 793 772 13.021526522948
m070 80 562 808 13.3176228206756
m071 80 1010 1127 13.8312038723596
m072 80 614 1026 20.8201050566306
m073 80 829 313 18.3463444972254
m074 80 263 550 5.86378313867592
m075 80 202 896 16.2706484773049
m076 80 382 367 17.6991430749601
m077 80 914 1034 18.9341622052284
m078 80 901 291 1.20454425132057
m079 80 1051 362 8.32392562248538
m080 80 1125 819 10.2671017793343
m081 80 337 1134 10.6291936067731
m082 80 453 135 7.70542610588608
m083 80 663 1084 2.24605775414719
m084 80 130 906 10.4221598647293
m085 80 1109 296 3.15702768166066
m086 80 670 43 8.53798890765869
m087 80 760 993 16.7031218898759
m088 80 760 875 10.237128011011
m089 80 810 556 5.08507019893692
m090 80 38 1055 6.27610361509563
m091 80 126 184 9.28359302704753
m092 80 167 25 9.60131939004399
m093 80 448 576 5.41905438158684
m094 80 259 544 19.3794122013277
m095 80 328 713 15.0039124915129
m096 80 1052 322 9.23842035641512
m097 80 692 413 4.75990103482218
m098 80 421 1163 19.1666046405693
m099 80 245 705 15.0042167059457
s000 20 115 848 3.27540736825722
s001 20 130 640 20.5924117498292
s002 20 1150 936 1.59265305365998
s003 20 619 1062 17.4621939224756
s004 20 70 185 6.47220735438369
s005 20 108 131 2.36686518947627
s006 20 587 235 17.1765801596404
s007 20 758 508 13.1398442646726
s008 20 1163 26 8.24717704593649
s009 20 1044 169 12.1277747417703
s010 20 505 322 7.09527016184669
s011 20 1081 442 17.6269879231453
s012 20 357 67 11.9639466365031
s013 20 250 719 8.11629956025342
s014 20 632 1054 3.73893486046284
s015 20 895 898 15.0092256740383
s016 20 1034 675 8.77362795992904
s017 20 124 965 16.244579679184
s018 20 1056 369 15.476598571902
s019 20 308 181 1.71722693285985
s020 20 170 638 17.2699218836037
s021 20 169 752 8.81533285706045
s022 20 613 993 8.43276678387028
s023 20 724 631 16.6981909706463
s024 20 319 914 11.2735086065575
s025 20 128 1178 13.9715839025611
s026 20 199 522 16.7133555689225
s027 20 122 11 16.315226757489
s028 20 1154 813 18.0589256138692
s029 20 806 876 6.3627517415528
s030 20 729 706 13.1616378090062
s031 20 734 699 12.7374698860212
s032 20 741 109 3.94552832413423
s033 20 1108 117 9.55280219637017
s034 20 1089 265 15.0310034732621
s035 20 996 501 1.1830304384224
s036 20 513 172 11.7662893823422
s037 20 512 243 11.0996108122714
s038 20 671 1132 9.7007387740926
s039 20 1046 788 1.63638306016822
s040 20 903 697 19.941135179781
s041 20 81 841 11.5100168935944
s042 20 244 999 6.10058301811182
s043 20 147 313 8.9714426645208
s044 20 455 869 1.05613331306493
s045 20 393 1063 15.4163609309243
s046 20 648 1131 15.9950465801264
s047 20 75 1079 19.4928614731164
s048 20 988 792 18.4842141418584
s049 20 930 921 4.64661507201751
s050 20 367 611 9.5595045648759
s051 20 590 1066 17.1880866621917
s052 20 677 1139 9.86990729796531
s053 20 890 297 1.71195208605574
s054 20 682 482 13.6988169444064
s055 20 926 716 6.83484763864501
s056 20 840 1074 9.05776804470792
s057 20 965 170 3.62021987954505
s058 20 815 359 8.04055225832581
s059 20 932 222 5.81602300626868
s060 20 469 994 20.8413455182604
s061 20 608 922 2.08841641458564
s062 20 1151 309 11.6392022592349
s063 20 871 466 15.3400850476407
s064 20 1069 488 7.15750256832072
s065 20 38 865 12.6380051923819
s066 20 279 789 20.7018926256891
s067 20 470 468 18.6299783645059
s068 20 735 699 5.40859189624802
s069 20 853 212 8.09300614561922
s070 20 21 320 12.5881659004186
s071 20 388 446 4.85845820833876
s072 20 133 433 19.5770391768672
s073 20 615 564 19.4793128164027
s074 20 27 15 15.2673311058114
s075 20 1094 149 14.4090389441423
s076 20 194 1019 1.42268973450094
s077 20 241 1027 19.0149882224209
s078 20 1068 166 4.55626750549686
s079 20 700 1091 17.6553238906192
s080 20 276 1139 1.86208607359837
s081 20 1198 538 18.4363736448129
s082 20 737 1145 10.2376862478606
s083 20 812 253 4.09953583240535
s084 20 363 563 3.5476914071268
s085 20 1003 1152 9.72392453234082
s086 20 1129 290 12.8426751339174
s087 20 273 775 17.9220523914119
s088 20 660 1121 7.56228558084339
s089 20 838 186 17.2433893688803
s090 20 742 872 8.26065433562618
s091 20 157 481 4.67817825398626
s092 20 285 766 11.896737865465
s093 20 923 986 16.2373058024245
s094 20 718 208 13.2279531836074
s095 20 702 900 19.9607601186829
s096 20 119 1002 6.66742869616962
s097 20 802 674 6.2126897794475
s098 20 973 517 17.9652156061357
s099 20 369 1197 14.7217024377287

