l020 400 288 225 2.88445163894273
l031 400 347 257 3.15082722780487
l008 400 115 391 4.08874266851302
l066 400 524 409 2.28542680380936
l017 400 429 259 8.17910840935096
l021 400 147 392 8.34035728594235
l070 400 144 462 9.826080467844
l022 400 395 58 7.7779253530419
l049 400 428 81 7.74964451584588
m025 80 281 246 1.19978556651139
m018 80 219 240 2.24436073166063
l093 400 52 305 8.49781681044967
l097 400 198 545 1.94112745409534
l065 400 352 332 12.7567915367423
m001 80 450 489 3.33489620196958
l072 400 503 170 12.8017661660895
l037 400 201 716 3.92825068448622
l039 400 473 462 12.963826228367
l075 400 9 626 3.97831601343977
l005 400 586 275 1.06013583435122
l041 400 520 526 7.182270191423
m026 80 58 386 4.33517043950799
m074 80 263 550 5.86378313867592
l010 400 496 176 17.3223496156184
l062 400 606 49 6.74617681463623
m064 80 328 450 7.02212895519022
m041 80 304 148 7.09052220735347
m020 80 301 211 7.60075305328782
m082 80 453 135 7.70542610588608
m040 80 293 131 7.70888732796321
l061 400 116 501 17.7715964780794
l008 400 115 391 4.08874266851302
l031 400 347 257 3.15082722780487
l020 400 288 225 2.88445163894273
m012 80 422 490 8.82089796781197
l096 400 581 362 18.3108073831699
l036 400 38 110 16.7458172304594
l052 400 235 473 20.6523390062123
l002 400 23 382 14.7114759689759
m091 80 126 184 9.28359302704753
l029 400 373 589 18.7322054378565
m093 80 448 576 5.41905438158684
l049 400 428 81 7.74964451584588
l066 400 524 409 2.28542680380936
l022 400 395 58 7.7779253530419
l014 400 497 447 19.7872388102911
l017 400 429 259 8.17910840935096
l021 400 147 392 8.34035728594235
l097 400 198 545 1.94112745409534
l078 400 402 727 9.78944103087927
m065 80 583 240 7.83503032480385
l005 400 586 275 1.06013583435122
l093 400 52 305 8.49781681044967
l041 400 520 526 7.182270191423
l070 400 144 462 9.826080467844
m025 80 281 246 1.19978556651139
m018 80 219 240 2.24436073166063
l065 400 352 332 12.7567915367423
l072 400 503 170 12.8017661660895
l039 400 473 462 12.963826228367
l037 400 201 716 3.92825068448622
m001 80 450 489 3.33489620196958
l075 400 9 626 3.97831601343977
l073 400 602 243 20.8618920127888
m026 80 58 386 4.33517043950799
m074 80 263 550 5.86378313867592
m092 80 167 25 9.60131939004399
l028 400 1116 93 1.33216870137912
l068 400 956 854 1.47052619339079
s019 20 308 181 1.71722693285985
l061 400 116 501 17.7715964780794
l018 400 1151 458 1.65465483505207
l047 400 977 168 1.28565158737456
l079 400 167 612 14.8641333557627
l096 400 581 362 18.3108073831699
l036 400 38 110 16.7458172304594
l062 400 606 49 6.74617681463623
l002 400 23 382 14.7114759689759
l029 400 373 589 18.7322054378565
m093 80 448 576 5.41905438158684
m064 80 328 450 7.02212895519022
l063 400 84 781 2.16671754818327
m041 80 304 148 7.09052220735347
l034 400 861 747 2.71916753830765
l025 400 882 1012 3.09164077012512
l010 400 496 176 17.3223496156184
l030 400 177 1169 3.11001104240259
m028 80 44 180 10.3503748329329
l024 400 1188 1167 3.21919396611323
l004 400 948 363 2.9218488416375
m065 80 583 240 7.83503032480385
l064 400 531 852 3.00293260848027
l079 400 167 612 14.8641333557627
l012 400 653 637 2.90725778105099
l005 400 586 275 1.06013583435122
l033 400 1007 1101 3.73497091755208
l090 400 657 643 3.40512855010858
m020 80 301 211 7.60075305328782
l041 400 520 526 7.182270191423
l097 400 198 545 1.94112745409534
m082 80 453 135 7.70542610588608
m040 80 293 131 7.70888732796321
l027 400 657 388 1.15973399635422
l000 400 301 1024 3.25446370441096
s005 20 108 131 2.36686518947627
l094 400 996 551 4.61757069591979
s091 20 157 481 4.67817825398626
m097 80 692 413 4.75990103482218
s071 20 388 446 4.85845820833876
l066 400 524 409 2.28542680380936
m092 80 167 25 9.60131939004399
l092 400 898 200 5.30093991835018
l073 400 602 243 20.8618920127888
l014 400 497 447 19.7872388102911
m012 80 422 490 8.82089796781197
l045 400 1163 90 5.64209730879993
l043 400 954 177 6.29662362765451
l049 400 428 81 7.74964451584588
m091 80 126 184 9.28359302704753
l057 400 748 1016 6.48653916641209
l027 400 657 388 1.15973399635422
l079 400 167 612 14.8641333557627
s004 20 70 185 6.47220735438369
l022 400 395 58 7.7779253530419
m039 80 416 691 6.97378649612248
s010 20 505 322 7.09527016184669
l007 400 897 727 7.05682937395573
l069 400 747 449 7.20969128282848
m076 80 382 367 17.6991430749601
l008 400 115 391 4.08874266851302
m056 80 285 610 12.1534202130272
l052 400 235 473 20.6523390062123
l076 400 708 1159 7.44122709561669
m028 80 44 180 10.3503748329329
l078 400 402 727 9.78944103087927
l093 400 52 305 8.49781681044967
l074 400 1103 429 7.81006494556522
l011 400 591 524 8.58627504028399
m044 80 567 493 12.9468491808053
l060 400 644 1174 8.13206050803792
s084 20 363 563 3.5476914071268
l031 400 347 257 3.15082722780487
m046 80 25 35 3.66575349178249
l023 400 113 655 18.6930073055201
l016 400 1065 471 8.46870979072427
l020 400 288 225 2.88445163894273
l086 400 1145 932 8.55633351639903
l029 400 373 589 18.7322054378565
l001 400 1063 1117 8.66865744888077
m037 80 266 615 15.5741925267802
l027 400 657 388 1.15973399635422
l011 400 591 524 8.58627504028399
m046 80 25 35 3.66575349178249
l002 400 23 382 14.7114759689759
l099 400 686 306 14.4631449289159
l036 400 38 110 16.7458172304594
s043 20 147 313 8.9714426645208
l059 400 150 663 18.8954901622102
l096 400 581 362 18.3108073831699
m093 80 448 576 5.41905438158684
l032 400 874 241 9.07448259231956
m065 80 583 240 7.83503032480385
l042 400 707 1141 9.53424075778861
m014 80 657 225 10.8028342093502
m021 80 230 650 13.1905856309672
m094 80 259 544 19.3794122013277
l017 400 429 259 8.17910840935096
l061 400 116 501 17.7715964780794
l071 400 1190 258 9.68797375221785
l058 400 915 348 9.51528664620333
l019 400 805 1184 9.74058371787514
m005 80 58 30 13.1612180751004
l095 400 1151 815 9.75349141178406
l082 400 1064 385 9.82135846560731
l021 400 147 392 8.34035728594235
l073 400 602 243 20.8618920127888
l003 400 963 1155 10.1794886583702
l067 400 995 1195 10.1893872987898
l047 400 977 168 1.28565158737456
l028 400 1116 93 1.33216870137912
l027 400 657 388 1.15973399635422
l011 400 591 524 8.58627504028399
m046 80 25 35 3.66575349178249
l099 400 686 306 14.4631449289159
l059 400 150 663 18.8954901622102
m014 80 657 225 10.8028342093502
m021 80 230 650 13.1905856309672
m005 80 58 30 13.1612180751004
l068 400 956 854 1.47052619339079
s019 20 308 181 1.71722693285985
l018 400 1151 458 1.65465483505207
m056 80 285 610 12.1534202130272
l063 400 84 781 2.16671754818327
s050 20 367 611 9.5595045648759
s005 20 108 131 2.36686518947627
l034 400 861 747 2.71916753830765
l004 400 948 363 2.9218488416375
l012 400 653 637 2.90725778105099
l064 400 531 852 3.00293260848027
l025 400 882 1012 3.09164077012512
l030 400 177 1169 3.11001104240259
l024 400 1188 1167 3.21919396611323
m092 80 167 25 9.60131939004399
l000 400 301 1024 3.25446370441096
l090 400 657 643 3.40512855010858
l033 400 1007 1101 3.73497091755208
m044 80 567 493 12.9468491808053
m074 80 263 550 5.86378313867592
s091 20 157 481 4.67817825398626
s071 20 388 446 4.85845820833876
l099 400 686 306 14.4631449289159
l059 400 150 663 18.8954901622102
m014 80 657 225 10.8028342093502
m021 80 230 650 13.1905856309672
m005 80 58 30 13.1612180751004
l011 400 591 524 8.58627504028399
l094 400 996 551 4.61757069591979
m097 80 692 413 4.75990103482218
l092 400 898 200 5.30093991835018
l045 400 1163 90 5.64209730879993
l051 400 1150 120 10.9297911043702
m026 80 58 386 4.33517043950799
m027 80 648 280 15.8829480416512
s037 20 512 243 11.0996108122714
l013 400 995 260 10.9842492178804
s004 20 70 185 6.47220735438369
l043 400 954 177 6.29662362765451
s084 20 363 563 3.5476914071268
m037 80 266 615 15.5741925267802
l035 400 632 846 11.197358000138
l057 400 748 1016 6.48653916641209
l084 400 753 412 9.97020256477811
l070 400 144 462 9.826080467844
m028 80 44 180 10.3503748329329
m023 80 7 6 11.5043023700615
l044 400 600 1148 11.8333830340515
l048 400 734 865 11.7325493882851
m039 80 416 691 6.97378649612248
l062 400 606 49 6.74617681463623
m067 80 24 577 20.6251713937464
m027 80 648 280 15.8829480416512
l099 400 686 306 14.4631449289159
m067 80 24 577 20.6251713937464
s010 20 505 322 7.09527016184669
s012 20 357 67 11.9639466365031
l007 400 897 727 7.05682937395573
m001 80 450 489 3.33489620196958
l075 400 9 626 3.97831601343977
l039 400 473 462 12.963826228367
l072 400 503 170 12.8017661660895
l069 400 747 449 7.20969128282848
l037 400 201 716 3.92825068448622
m078 80 901 291 1.20454425132057
m064 80 328 450 7.02212895519022
m031 80 369 924 1.5610532454054
m053 80 316 1099 2.01967557024055
m055 80 651 1032 2.03061964283999
l076 400 708 1159 7.44122709561669
m041 80 304 148 7.09052220735347
m083 80 663 1084 2.24605775414719
l065 400 352 332 12.7567915367423
m045 80 1038 343 2.20586130857303
m025 80 281 246 1.19978556651139
m018 80 219 240 2.24436073166063
m008 80 835 225 1.92205351237683
m076 80 382 367 17.6991430749601
l087 400 973 641 12.7182200176246
l014 400 497 447 19.7872388102911
l084 400 753 412 9.97020256477811
l074 400 1103 429 7.81006494556522
m067 80 24 577 20.6251713937464
m027 80 648 280 15.8829480416512
l010 400 496 176 17.3223496156184
s036 20 513 172 11.7662893823422
s050 20 367 611 9.5595045648759
l015 400 949 361 12.8222481486576
m051 80 1128 125 3.1478010630503
m085 80 1109 296 3.15702768166066
m020 80 301 211 7.60075305328782
l060 400 644 1174 8.13206050803792
m082 80 453 135 7.70542610588608
l077 400 319 806 13.0191324945253
m040 80 293 131 7.70888732796321
m046 80 25 35 3.66575349178249
l023 400 113 655 18.6930073055201
l016 400 1065 471 8.46870979072427
l086 400 1145 932 8.55633351639903
m094 80 259 544 19.3794122013277
l059 400 150 663 18.8954901622102
l001 400 1063 1117 8.66865744888077
m060 80 12 1138 4.01162526362797
m056 80 285 610 12.1534202130272
m038 80 760 995 4.09415095259162
m066 80 234 1026 4.10011252422626
m009 80 386 1199 4.10402694465729
l005 400 586 275 1.06013583435122
s043 20 147 313 8.9714426645208
l032 400 874 241 9.07448259231956
l041 400 520 526 7.182270191423
l026 400 831 866 14.3990925824356
m044 80 567 493 12.9468491808053
l079 400 167 612 14.8641333557627
m014 80 657 225 10.8028342093502
m021 80 230 650 13.1905856309672
m005 80 58 30 13.1612180751004
m012 80 422 490 8.82089796781197
l058 400 915 348 9.51528664620333
l042 400 707 1141 9.53424075778861
m089 80 810 556 5.08507019893692
m095 80 328 713 15.0039124915129
m099 80 245 705 15.0042167059457
l071 400 1190 258 9.68797375221785
l019 400 805 1184 9.74058371787514
l095 400 1151 815 9.75349141178406
l082 400 1064 385 9.82135846560731
m091 80 126 184 9.28359302704753
m029 80 1027 752 5.34868478750632
s070 20 21 320 12.5881659004186
m047 80 785 922 5.50665333049919
m043 80 702 399 15.7590693217125
l084 400 753 412 9.97020256477811
m048 80 1068 1152 5.55387667427232
l078 400 402 727 9.78944103087927
l080 400 1111 216 16.0409763367447
m037 80 266 615 15.5741925267802
l003 400 963 1155 10.1794886583702
s020 20 170 638 17.2699218836037
l067 400 995 1195 10.1893872987898
l097 400 198 545 1.94112745409534
s001 20 130 640 20.5924117498292
s020 20 170 638 17.2699218836037
s001 20 130 640 20.5924117498292
l038 400 25 808 16.3513779715476
s026 20 199 522 16.7133555689225
l052 400 235 473 20.6523390062123
m059 80 333 781 6.00653205668514
m090 80 38 1055 6.27610361509563
m002 80 300 824 6.32349723990549
l050 400 967 1147 17.0523056863458
l083 400 801 1116 17.1879830571356
m058 80 1081 715 6.63411192077319
l091 400 1168 1124 17.3322395189296
s084 20 363 563 3.5476914071268
m022 80 52 895 6.93259411096441
l051 400 1150 120 10.9297911043702
l013 400 995 260 10.9842492178804
s037 20 512 243 11.0996108122714
s006 20 587 235 17.1765801596404
m010 80 1005 154 7.73550328273368
l088 400 492 848 17.8354630154947
l035 400 632 846 11.197358000138
s013 20 250 719 8.11629956025342
m019 80 1085 988 8.13634332326531
l006 400 807 677 18.2659946034785
m023 80 7 6 11.5043023700615
s036 20 513 172 11.7662893823422
m079 80 1051 362 8.32392562248538
s067 20 470 468 18.6299783645059
s050 20 367 611 9.5595045648759
l055 400 159 795 18.3667653700995
s020 20 170 638 17.2699218836037
s001 20 130 640 20.5924117498292
l048 400 734 865 11.7325493882851
s005 20 108 131 2.36686518947627
l044 400 600 1148 11.8333830340515
s012 20 357 67 11.9639466365031
m086 80 670 43 8.53798890765869
m030 80 215 745 9.6860928808915
s072 20 133 433 19.5770391768672
m096 80 1052 322 9.23842035641512
l089 400 376 819 19.0466517412533
l098 400 483 776 19.117727190839
l009 400 738 494 19.1116499138818
l081 400 913 957 19.4901982991672
s070 20 21 320 12.5881659004186
s027 20 122 11 16.315226757489
m004 80 47 777 9.27550447466429
l085 400 261 1017 19.6279657601194
m016 80 1180 468 9.81819947379209
m078 80 901 291 1.20454425132057
l087 400 973 641 12.7182200176246
l046 400 578 1103 20.0122999467736
m031 80 369 924 1.5610532454054
l015 400 949 361 12.8222481486576
m008 80 835 225 1.92205351237683
l077 400 319 806 13.0191324945253
l040 400 712 758 19.989793835222
l000 400 301 1024 3.25446370441096
m053 80 316 1099 2.01967557024055
m055 80 651 1032 2.03061964283999
m045 80 1038 343 2.20586130857303
m067 80 24 577 20.6251713937464
l056 400 1144 1148 20.5063376608131
m080 80 1125 819 10.2671017793343
m083 80 663 1084 2.24605775414719
s004 20 70 185 6.47220735438369
m088 80 760 875 10.237128011011
s027 20 122 11 16.315226757489
l054 400 1176 374 20.663319519859
l045 400 1163 90 5.64209730879993
l053 400 724 554 20.4466406931227
l043 400 954 177 6.29662362765451
m051 80 1128 125 3.1478010630503
m085 80 1109 296 3.15702768166066
l092 400 898 200 5.30093991835018
l063 400 84 781 2.16671754818327
m084 80 130 906 10.4221598647293
s071 20 388 446 4.85845820833876
m081 80 337 1134 10.6291936067731
l026 400 831 866 14.3990925824356
l057 400 748 1016 6.48653916641209
m061 80 466 1128 10.64688795923
l002 400 23 382 14.7114759689759
l012 400 653 637 2.90725778105099
l047 400 977 168 1.28565158737456
m030 80 215 745 9.6860928808915
m086 80 670 43 8.53798890765869
s091 20 157 481 4.67817825398626
m060 80 12 1138 4.01162526362797
m097 80 692 413 4.75990103482218
m038 80 760 995 4.09415095259162
m066 80 234 1026 4.10011252422626
m009 80 386 1199 4.10402694465729
l090 400 657 643 3.40512855010858
m095 80 328 713 15.0039124915129
m099 80 245 705 15.0042167059457
m017 80 931 132 10.6249348251641
l064 400 531 852 3.00293260848027
l094 400 996 551 4.61757069591979
s006 20 587 235 17.1765801596404
l004 400 948 363 2.9218488416375
m089 80 810 556 5.08507019893692
l034 400 861 747 2.71916753830765
m029 80 1027 752 5.34868478750632
l028 400 1116 93 1.33216870137912
m047 80 785 922 5.50665333049919
l029 400 373 589 18.7322054378565
m048 80 1068 1152 5.55387667427232
l068 400 956 854 1.47052619339079
m059 80 333 781 6.00653205668514
l018 400 1151 458 1.65465483505207
s019 20 308 181 1.71722693285985
l033 400 1007 1101 3.73497091755208
m043 80 702 399 15.7590693217125
m003 80 776 829 10.9390116751434
l024 400 1188 1167 3.21919396611323
l030 400 177 1169 3.11001104240259
l025 400 882 1012 3.09164077012512
m039 80 416 691 6.97378649612248
l080 400 1111 216 16.0409763367447
s010 20 505 322 7.09527016184669
l073 400 602 243 20.8618920127888
m090 80 38 1055 6.27610361509563
s027 20 122 11 16.315226757489
m000 80 981 148 11.0767053075893
l007 400 897 727 7.05682937395573
m002 80 300 824 6.32349723990549
m093 80 448 576 5.41905438158684
l036 400 38 110 16.7458172304594
l069 400 747 449 7.20969128282848
l038 400 25 808 16.3513779715476
l096 400 581 362 18.3108073831699
m065 80 583 240 7.83503032480385
m094 80 259 544 19.3794122013277
m058 80 1081 715 6.63411192077319
l076 400 708 1159 7.44122709561669
s026 20 199 522 16.7133555689225
m022 80 52 895 6.93259411096441
s035 20 996 501 1.1830304384224
l093 400 52 305 8.49781681044967
s044 20 455 869 1.05613331306493
s002 20 1150 936 1.59265305365998
l066 400 524 409 2.28542680380936
l074 400 1103 429 7.81006494556522
m007 80 599 1059 11.8803268725304
s039 20 1046 788 1.63638306016822
s076 20 194 1019 1.42268973450094
m076 80 382 367 17.6991430749601
l050 400 967 1147 17.0523056863458
s080 20 276 1139 1.86208607359837
l099 400 686 306 14.4631449289159
l070 400 144 462 9.826080467844
l083 400 801 1116 17.1879830571356
m092 80 167 25 9.60131939004399
l060 400 644 1174 8.13206050803792
s053 20 890 297 1.71195208605574
l091 400 1168 1124 17.3322395189296
l049 400 428 81 7.74964451584588
l023 400 113 655 18.6930073055201
l021 400 147 392 8.34035728594235
m028 80 44 180 10.3503748329329
s061 20 608 922 2.08841641458564
l017 400 429 259 8.17910840935096
l022 400 395 58 7.7779253530419
l020 400 288 225 2.88445163894273
l031 400 347 257 3.15082722780487
l008 400 115 391 4.08874266851302
s001 20 130 640 20.5924117498292
l016 400 1065 471 8.46870979072427
l011 400 591 524 8.58627504028399
m010 80 1005 154 7.73550328273368
l086 400 1145 932 8.55633351639903
l088 400 492 848 17.8354630154947
m030 80 215 745 9.6860928808915
s020 20 170 638 17.2699218836037
l027 400 657 388 1.15973399635422
m086 80 670 43 8.53798890765869
l032 400 874 241 9.07448259231956
l001 400 1063 1117 8.66865744888077
s013 20 250 719 8.11629956025342
s070 20 21 320 12.5881659004186
l061 400 116 501 17.7715964780794
m068 80 1081 328 12.7525454933555
m027 80 648 280 15.8829480416512
s043 20 147 313 8.9714426645208
m019 80 1085 988 8.13634332326531
l006 400 807 677 18.2659946034785
l055 400 159 795 18.3667653700995
m079 80 1051 362 8.32392562248538
l058 400 915 348 9.51528664620333
s067 20 470 468 18.6299783645059
m069 80 793 772 13.021526522948
s000 20 115 848 3.27540736825722
s094 20 718 208 13.2279531836074
l042 400 707 1141 9.53424075778861
s057 20 965 170 3.62021987954505
s014 20 632 1054 3.73893486046284
l089 400 376 819 19.0466517412533
m056 80 285 610 12.1534202130272
l071 400 1190 258 9.68797375221785
l082 400 1064 385 9.82135846560731
l009 400 738 494 19.1116499138818
l098 400 483 776 19.117727190839
l019 400 805 1184 9.74058371787514
l095 400 1151 815 9.75349141178406
m070 80 562 808 13.3176228206756
m004 80 47 777 9.27550447466429
s054 20 682 482 13.6988169444064
m096 80 1052 322 9.23842035641512
s032 20 741 109 3.94552832413423
s036 20 513 172 11.7662893823422
s083 20 812 253 4.09953583240535
s072 20 133 433 19.5770391768672
m071 80 1010 1127 13.8312038723596
l003 400 963 1155 10.1794886583702
l067 400 995 1195 10.1893872987898
l081 400 913 957 19.4901982991672
l085 400 261 1017 19.6279657601194
m034 80 1037 1079 13.8950535716702
m013 80 641 772 13.9715225120769
l040 400 712 758 19.989793835222
m016 80 1180 468 9.81819947379209
s078 20 1068 166 4.55626750549686
m044 80 567 493 12.9468491808053
s006 20 587 235 17.1765801596404
l013 400 995 260 10.9842492178804
l046 400 578 1103 20.0122999467736
s049 20 930 921 4.64661507201751
l065 400 352 332 12.7567915367423
l072 400 503 170 12.8017661660895
m042 80 1094 148 14.2882973353099
l053 400 724 554 20.4466406931227
m088 80 760 875 10.237128011011
l035 400 632 846 11.197358000138
l051 400 1150 120 10.9297911043702
m084 80 130 906 10.4221598647293
s037 20 512 243 11.0996108122714
m080 80 1125 819 10.2671017793343
l039 400 473 462 12.963826228367
m017 80 931 132 10.6249348251641
l056 400 1144 1148 20.5063376608131
m081 80 337 1134 10.6291936067731
l054 400 1176 374 20.663319519859
m061 80 466 1128 10.64688795923
m023 80 7 6 11.5043023700615
m003 80 776 829 10.9390116751434
m033 80 927 1021 14.7219020178912
m000 80 981 148 11.0767053075893
m015 80 387 841 14.8635579622994
s074 20 27 15 15.2673311058114
s068 20 735 699 5.40859189624802
l048 400 734 865 11.7325493882851
m011 80 1101 590 15.2181926456075
l059 400 150 663 18.8954901622102
s012 20 357 67 11.9639466365031
m057 80 1029 2 15.5004139756296
m062 80 883 999 15.5905513595187
m007 80 599 1059 11.8803268725304
l044 400 600 1148 11.8333830340515
l084 400 753 412 9.97020256477811
s059 20 932 222 5.81602300626868
m049 80 1033 254 15.898576016025
m075 80 202 896 16.2706484773049
s042 20 244 999 6.10058301811182
s097 20 802 674 6.2126897794475
m087 80 760 993 16.7031218898759
s029 20 806 876 6.3627517415528
m024 80 1177 938 16.7236180271106
m054 80 887 442 16.7601507391307
s094 20 718 208 13.2279531836074
m068 80 1081 328 12.7525454933555
s096 20 119 1002 6.66742869616962
l014 400 497 447 19.7872388102911
m005 80 58 30 13.1612180751004
m069 80 793 772 13.021526522948
s055 20 926 716 6.83484763864501
m074 80 263 550 5.86378313867592
s064 20 1069 488 7.15750256832072
m070 80 562 808 13.3176228206756
m037 80 266 615 15.5741925267802
s054 20 682 482 13.6988169444064
l015 400 949 361 12.8222481486576
l077 400 319 806 13.0191324945253
s044 20 455 869 1.05613331306493
m046 80 25 35 3.66575349178249
m063 80 435 751 17.3372167371059
s053 20 890 297 1.71195208605574
l087 400 973 641 12.7182200176246
s035 20 996 501 1.1830304384224
m021 80 230 650 13.1905856309672
s088 20 660 1121 7.56228558084339
s076 20 194 1019 1.42268973450094
s061 20 608 922 2.08841641458564
m032 80 911 103 17.5695688921859
s080 20 276 1139 1.86208607359837
s039 20 1046 788 1.63638306016822
s002 20 1150 936 1.59265305365998
s000 20 115 848 3.27540736825722
m014 80 657 225 10.8028342093502
m071 80 1010 1127 13.8312038723596
s057 20 965 170 3.62021987954505
m034 80 1037 1079 13.8950535716702
s032 20 741 109 3.94552832413423
m013 80 641 772 13.9715225120769
l010 400 496 176 17.3223496156184
l052 400 235 473 20.6523390062123
l037 400 201 716 3.92825068448622
l075 400 9 626 3.97831601343977
s014 20 632 1054 3.73893486046284
s083 20 812 253 4.09953583240535
m026 80 58 386 4.33517043950799
m025 80 281 246 1.19978556651139
m001 80 450 489 3.33489620196958
m018 80 219 240 2.24436073166063
s058 20 815 359 8.04055225832581
s069 20 853 212 8.09300614561922
m078 80 901 291 1.20454425132057
s008 20 1163 26 8.24717704593649
l062 400 606 49 6.74617681463623
s090 20 742 872 8.26065433562618
m064 80 328 450 7.02212895519022
s078 20 1068 166 4.55626750549686
m041 80 304 148 7.09052220735347
s049 20 930 921 4.64661507201751
m042 80 1094 148 14.2882973353099
m020 80 301 211 7.60075305328782
m082 80 453 135 7.70542610588608
m040 80 293 131 7.70888732796321
m012 80 422 490 8.82089796781197
l078 400 402 727 9.78944103087927

