f0000_14 93 301 1024 1.89
f0001_41 109 1063 1117 4.24
f0005_26 73 23 382 3.03
f0006_12 100 963 1155 2.85
f0008_45 105 948 363 4.83
f0011_13 103 586 275 2.41
f0014_19 107 807 677 2.8
f0016_39 85 897 727 3.35
f0017_07 109 115 391 2.74
f0022_10 88 738 494 4.29
f0023_08 106 496 176 4.73
f0029_05 96 591 524 2.92
f0030_12 101 653 637 1.86
f0031_02 95 995 260 1.47
f0032_27 75 497 447 2.54
f0034_08 93 949 361 2.64
f0035_19 106 1065 471 1.16
f0036_39 92 429 259 1.74
f0037_16 115 1151 458 4.63
f0038_42 72 805 1184 1.21
f0039_14 87 288 225 2.05
f0040_25 106 147 392 4.76
f0041_30 96 395 58 1.63
f0042_43 74 113 655 1.31
f0043_10 103 1188 1167 1.97
f0048_00 54 882 1012 2.83
f0049_32 107 831 866 4.83
f0052_42 16 657 388 3.67
f0054_14 111 1116 93 3.97
f0055_09 106 373 589 3.27
f0058_07 106 177 1169 3.59
f0059_21 110 347 257 2.38
f0062_25 108 874 241 4.5
f0064_04 101 1007 1101 1.82
f0065_00 83 861 747 4.33
f0066_37 113 632 846 4.53
f0067_25 70 38 110 4.83
f0068_00 84 201 716 4.63
f0069_14 109 25 808 3.05
f0071_21 77 473 462 1.73
f0072_36 87 712 758 2.14
f0075_46 99 520 526 4.01
f0077_13 106 707 1141 1.68
f0081_26 90 954 177 3.68
f0082_40 68 600 1148 2.8
f0083_09 93 1163 90 1.53
f0084_19 95 578 1103 2.02
f0085_01 75 977 168 1.04
f0087_24 101 734 865 1.31
f0088_22 96 428 81 4.31
f0089_16 105 967 1147 1.54
f0090_10 97 1150 120 1.12
f0093_24 112 235 473 4.55
f0094_41 108 724 554 3.65
f0096_45 98 1176 374 3.54
f0097_05 105 159 795 4.52
f0098_33 90 1144 1148 1.76
f0102_31 114 748 1016 4.66
f0104_43 103 915 348 2.79
f0106_05 99 150 663 3.38
f0107_06 107 644 1174 1.74
f0108_12 105 116 501 3.61
f0110_48 104 606 49 3.85
f0112_07 114 84 781 3.27
f0113_31 91 531 852 2.29
f0115_34 104 352 332 4.08
f0116_23 92 524 409 1.43
f0119_44 114 995 1195 1.96
f0120_29 91 956 854 2.18
f0122_45 84 747 449 4.04
f0123_28 97 144 462 1.69
f0124_11 115 1190 258 3.64
f0125_02 75 503 170 4.01
f0127_07 107 602 243 3.19
f0128_00 84 1103 429 1.15
f0129_32 70 9 626 4.28
f0130_28 106 708 1159 2.14
f0133_23 102 319 806 3.17
f0135_03 91 402 727 3.15
f0139_23 64 167 612 3.55
f0141_43 106 1111 216 2.46
f0142_39 62 913 957 1.81
f0144_05 114 1064 385 3.02
f0145_33 89 801 1116 1.73
f0146_33 81 753 412 1.92
f0148_21 42 261 1017 2.77
f0150_25 85 1145 932 2.62
f0151_02 72 973 641 2.37
f0154_34 94 492 848 1.37
f0157_12 106 376 819 1.45
f0158_20 110 657 643 1.56
f0159_14 103 1168 1124 2.63
f0161_16 109 898 200 2.96
f0162_02 100 52 305 1.39
f0164_32 109 996 551 1.04
f0165_04 78 1151 815 1.04
f0166_12 96 581 362 2.76
f0167_33 93 198 545 3.33
f0169_09 84 483 776 1.3
f0170_40 97 686 306 1.88
f0171_26 116 981 148 3.84
f0172_40 112 450 489 4.41
f0174_06 102 300 824 4.04
f0175_47 101 776 829 3.11
f0176_30 88 47 777 4.11
f0180_29 85 58 30 2.07
f0182_29 51 1056 1167 2.48
f0183_22 93 599 1059 3.53
f0184_49 89 835 225 2.1
f0185_23 113 386 1199 3.78
f0187_18 109 1005 154 3.65
f0188_36 108 1101 590 2.56
f0189_49 86 422 490 2.85
f0193_48 60 641 772 1.27
f0194_30 89 657 225 3.82
f0196_10 114 387 841 1.22
f0197_34 111 1180 468 2.17
f0199_01 109 931 132 2.51
f0200_38 55 219 240 2.36
f0201_34 91 1085 988 4.03
f0202_09 97 301 211 1.01
f0203_21 111 230 650 1.57
f0206_38 78 52 895 2.52
f0207_46 110 7 6 2.28
f0208_05 113 1177 938 3.73
f0209_30 87 281 246 1.48
f0210_17 104 58 386 1.34
f0211_26 108 648 280 1.96
f0213_49 72 44 180 1.13
f0214_05 101 1027 752 3.3
f0216_26 72 215 745 1.11
f0221_37 104 369 924 1.79
f0224_06 102 911 103 3.48
f0225_20 72 927 1021 1.54
f0226_08 113 1037 1079 1.51
f0227_27 99 1089 727 1.17
f0230_04 70 1094 798 3.07
f0232_28 58 266 615 4.59
f0233_14 96 760 995 1.8
f0234_16 110 416 691 3.71
f0236_17 104 293 131 2.77
f0237_46 92 304 148 3.57
f0238_02 80 1094 148 1.71
f0239_15 97 702 399 4.73
f0240_02 111 567 493 2.66
f0241_46 114 1038 343 1.63
f0242_22 90 25 35 3.22
f0243_29 112 785 922 4.09
f0246_12 110 1068 1152 4.06
f0248_43 106 1033 254 1.68
f0250_37 70 1065 343 4.69
f0252_30 104 1128 125 2.09
f0253_40 91 823 1104 2.61
f0254_46 113 316 1099 4.76
f0255_48 116 887 442 2.11
f0256_08 109 651 1032 4.24
f0259_41 101 285 610 2.59
f0260_38 108 1029 2 1.92
f0262_15 101 1081 715 3.45
f0264_18 110 333 781 3.85
f0266_14 105 12 1138 1.63
f0267_24 105 466 1128 3.83
f0269_21 74 883 999 2.03
f0270_23 81 435 751 2.76
f0272_13 94 328 450 3.43
f0273_27 99 583 240 2.25
f0275_17 96 234 1026 1.81
f0276_07 99 24 577 4.19
f0277_33 88 1081 328 3.46
f0278_07 112 793 772 3.95
f0279_03 97 562 808 2.56
f0280_20 100 1010 1127 1.24
f0281_47 113 614 1026 3.81
f0282_04 65 829 313 1.57
f0284_34 97 263 550 1.03
f0285_23 99 202 896 4.03
f0286_16 80 382 367 4.8
f0288_48 94 914 1034 3.28
f0289_10 60 901 291 1.48
f0290_29 93 1051 362 1.83
f0291_06 90 1125 819 3.99
f0293_40 109 337 1134 1.08
f0297_05 105 453 135 4.3
f0298_13 89 663 1084 3.83
f0301_33 97 130 906 2.61
f0302_47 98 1109 296 1.38
f0303_00 108 670 43 1.1
f0305_08 100 760 993 2.96
f0308_10 81 760 875 3.54
f0309_42 107 810 556 2.26
f0314_27 108 38 1055 2.29
f0319_32 74 126 184 2.44
f0320_41 113 167 25 3.43
f0321_36 108 448 576 2.7
f0324_42 92 259 544 4.89
f0325_17 80 328 713 2.35
f0326_35 107 1052 322 2.96
f0329_34 115 692 413 3.75
f0334_01 91 421 1163 3.13
f0335_14 117 245 705 1.5
f0337_24 114 115 848 3.75
f0341_00 60 130 640 1.69
f0342_31 87 1150 936 4.1
f0343_35 115 619 1062 2.69
f0344_25 112 70 185 3.8
f0345_23 110 108 131 1.05
f0347_04 116 587 235 3.83
f0349_40 90 758 508 3.31
f0351_22 99 1163 26 3.61
f0352_09 85 1044 169 4.85
f0354_10 53 505 322 2.46
f0355_32 113 1081 442 4.51
f0356_41 90 357 67 3.87
f0357_21 95 250 719 4.23
f0358_32 89 632 1054 1.43
f0359_05 110 895 898 4.54
f0360_15 114 1034 675 1.59
f0363_43 51 124 965 3.08
f0364_10 107 1056 369 2.71
f0365_07 76 308 181 2.12
f0366_08 92 170 638 4.68
f0370_20 87 169 752 4.48
f0371_24 87 613 993 4.7
f0374_13 107 724 631 3.16
f0376_05 86 319 914 3.37
f0379_10 111 128 1178 2.23
f0381_28 96 199 522 4.23
f0382_03 107 122 11 2.38
f0383_43 113 1154 813 1.87
f0384_36 94 806 876 1.24
f0387_49 104 729 706 4.37
f0388_26 92 734 699 3.8
f0389_38 96 741 109 1.64
f0390_33 92 1108 117 4.84
f0391_32 108 1089 265 1.38
f0394_00 96 996 501 3.92
f0395_15 114 513 172 1.3
f0397_27 112 512 243 4.41
f0400_25 83 671 1132 4.11
f0402_38 111 1046 788 2.37
f0403_29 99 903 697 4.86
f0405_20 105 81 841 1.89
f0409_49 95 244 999 1.13
f0410_43 93 147 313 4.9
f0412_26 100 455 869 1.33
f0413_09 88 393 1063 3.3
f0416_07 53 648 1131 2.01
f0417_44 80 75 1079 3.84
f0419_29 97 988 792 2.71
f0420_19 113 930 921 2.36
f0421_33 88 367 611 3.09
f0422_45 107 590 1066 3.81
f0423_04 96 677 1139 1.79
f0424_27 59 890 297 3.29
f0426_47 51 682 482 1.64
f0427_40 99 926 716 4.36
f0428_41 85 840 1074 4.69
f0429_13 80 965 170 2.73
f0430_02 108 815 359 4.49
f0431_36 111 932 222 3.24
f0433_14 90 469 994 3.52
f0436_17 110 608 922 1.56
f0437_05 95 1151 309 3.83
f0439_08 111 871 466 3.53
f0440_17 86 1069 488 4.29
f0442_00 109 38 865 1.12
f0445_46 103 279 789 1.38
f0446_03 113 470 468 2.07
f0447_21 60 735 699 4.52
f0449_22 73 853 212 3.21
f0450_41 111 21 320 4.25
f0452_37 78 388 446 3.82
f0454_20 100 133 433 4.17
f0455_26 70 615 564 2.86
f0456_45 105 27 15 1.62
f0457_13 85 1094 149 3.13
f0458_38 109 194 1019 3.31
f0459_12 86 241 1027 4.91
f0460_02 112 1068 166 3.6
f0461_47 114 700 1091 2.27
f0462_07 70 276 1139 3.81
f0463_09 96 1198 538 4.74
f0465_42 101 737 1145 3.48
f0466_11 98 812 253 4.13
f0467_18 96 363 563 3.44
f0470_37 95 1003 1152 1.64
f0471_15 91 1129 290 4.43
f0473_21 108 273 775 3.84
f0474_10 80 660 1121 4.56
f0476_07 60 838 186 2.77
f0477_46 86 742 872 4.69
f0478_10 85 157 481 2.8
f0479_35 104 285 766 3.48
f0480_41 75 923 986 3.28
f0481_47 87 718 208 4.69
f0482_06 105 702 900 1.43
f0486_05 114 119 1002 1.36
f0488_39 103 802 674 1.35
f0489_49 95 973 517 1.13
f0492_08 92 369 1197 3.87
f0497_00 90 363 1033 4.06
f0498_06 81 919 1031 1.41
f0499_10 98 323 296 2.43
f0500_38 101 724 162 3.33
f0501_06 98 1093 276 4.12
f0502_09 109 958 603 3.94
f0503_44 96 24 266 3.84
f0504_29 107 953 33 3.06
f0505_13 89 149 453 3.13
f0506_18 98 592 648 3.53
f0507_19 93 1189 1006 2.82
f0508_20 72 52 809 2.86
f0509_28 112 803 1110 4.34
f0510_47 103 663 31 1.97
f0511_03 102 61 439 3.55
f0512_15 114 882 1169 1.25
f0513_18 95 551 100 4.85
f0514_14 101 297 861 3.89
f0515_18 107 1001 397 3.31
f0516_45 114 93 969 3.39
f0517_23 92 271 178 4.41
f0518_02 96 1124 340 3.67
f0519_46 116 417 1100 3.77
f0520_25 87 364 144 2.35
f0521_14 110 1118 581 1.92
f0522_38 100 652 761 1.79
f0523_42 102 348 699 2.34
f0524_04 103 894 142 4.1
f0525_15 97 33 750 4.65
f0526_22 90 280 60 4.71
f0527_23 108 601 116 3.49
f0528_49 105 192 575 2.7
f0529_06 87 229 0 3.15
f0530_15 112 156 775 3.42
f0531_48 110 218 1108 3.33
f0532_09 116 231 23 1.59
f0533_32 93 988 715 1.66
f0534_00 109 511 127 4.77
f0535_19 105 221 95 4.39
f0536_45 85 544 202 2.64
f0537_35 96 642 471 1.17
f0538_03 83 469 498 2.1
f0539_34 110 523 112 1.71
f0540_22 90 2 592 2.99
f0541_47 98 673 954 4.76
f0542_10 67 614 665 2.6
f0543_19 87 1020 721 4.11
f0544_05 93 791 447 4.1
f0545_49 86 540 403 2.52
f0546_38 74 507 177 1.74
f0547_28 114 390 107 1.41
f0548_49 90 1083 1085 4.77
f0549_39 97 36 295 4.7
f0550_24 108 725 25 3.38
f0551_15 91 75 1061 1.66
f0552_46 79 169 290 1.26
f0553_03 78 588 757 3.61
f0554_17 102 116 625 2.89
f0555_35 86 485 102 4.11
f0556_25 109 155 471 2.53
f0557_33 97 20 363 1.23
f0558_01 105 846 1017 1.74
f0559_18 103 609 484 1.4
f0560_16 90 562 5 3.76
f0561_12 105 1053 178 2.91
f0562_31 111 841 360 4.63
f0563_12 64 336 525 2.58
f0564_43 90 531 748 2.83
f0565_03 99 269 357 3.87
f0566_02 107 902 1162 4.89
f0567_25 87 514 690 1.58
f0568_00 103 374 397 3.89
f0569_42 97 874 9 1.46
f0570_31 115 36 744 4.9
f0571_24 75 511 653 1.02
f0572_15 104 338 535 3.74
f0573_31 107 194 315 2.62
f0574_03 94 51 364 2.32
f0575_25 89 892 760 1.92
f0576_01 75 863 1102 1.35
f0577_19 105 28 210 2.67
f0578_14 89 180 1026 2.92
f0579_26 85 63 361 1.07
f0580_29 82 45 890 4.92
f0581_30 91 553 756 4.37
f0582_44 85 528 837 2.4
f0583_26 87 1084 184 2.26
f0584_22 96 280 192 1.19
f0585_26 110 106 651 3.17
f0586_11 114 1165 288 3.52
f0587_34 103 820 1014 2.87
f0588_19 113 314 379 4.19
f0589_20 94 384 364 2.14
f0590_06 110 969 1160 3.14
f0591_27 109 299 546 2.84
f0592_11 52 1147 1062 2.02
f0593_46 107 1141 882 4.02
f0594_00 97 858 909 3.19
f0595_35 100 598 398 1.61
f0596_26 111 331 642 2.99
f0597_00 105 87 1101 2.8
f0598_49 96 603 491 4.89
f0599_04 105 257 1171 3.05
f0600_06 32 950 1059 2.26
f0601_32 59 515 41 1.99
f0602_16 102 890 684 1.3
f0603_11 89 347 852 3.66
f0604_11 112 429 1052 3.22
f0605_00 113 391 1052 2.4
f0606_11 101 894 653 1.21
f0607_27 84 425 342 3.55
f0608_06 88 949 780 4.98
f0609_12 115 350 256 1.01
f0610_38 94 1026 1012 4.25
f0611_34 98 231 683 4.32
f0612_11 103 223 564 4.27
f0613_28 116 223 1096 1.52
f0614_14 91 30 421 4.83
f0615_00 113 4 6 1.07
f0616_04 106 676 1198 4.2
f0617_30 114 159 228 2.99
f0618_44 105 555 1118 2.02
f0619_33 99 707 296 4.95
f0620_49 102 766 232 4.12
f0621_33 107 150 545 2.63
f0622_25 108 292 376 4.13
f0623_37 105 414 610 4.44
f0624_32 86 1149 131 3.49
f0625_26 107 1121 831 4.03
f0626_23 105 1193 421 3.1
f0627_14 80 538 703 4.3
f0628_05 87 649 771 4.64
f0629_39 114 334 1037 3.81
f0630_16 104 863 23 1.9
f0631_03 112 495 395 2.29
f0632_45 78 312 1167 1.72
f0633_18 106 456 359 4.95
f0634_01 92 1011 554 3.4
f0635_33 110 982 422 3.36
f0636_12 103 147 47 4.05
f0637_21 87 465 1128 4.67
f0638_07 71 281 860 2.97
f0639_24 87 340 884 1.24
f0640_19 109 72 1011 4.85
f0641_22 99 852 13 3.26
f0642_27 75 460 320 4.73
f0643_23 112 283 1183 1.34
f0644_19 113 518 183 2.32
f0645_45 75 257 767 3.12
f0646_22 107 238 631 3.08
f0647_19 103 437 1018 4.24
f0648_23 95 303 1161 3.91
f0649_22 84 168 775 1.48
f0650_31 92 723 457 1.02
f0651_45 91 494 905 1.64
f0652_30 102 78 328 3.11
f0653_02 98 470 284 2.74
f0654_02 105 300 938 3.52
f0655_10 90 677 173 1.99
f0656_11 84 180 376 2.11
f0657_41 108 565 957 4.09
f0658_30 101 462 359 4.74
f0659_24 111 537 256 4.82
f0660_10 105 843 761 2.93
f0661_44 69 498 1071 1.31
f0662_29 107 5 1196 3.25
f0663_30 97 770 619 3.58
f0664_26 71 1187 389 3.26
f0665_47 104 382 710 3.29
f0666_20 113 730 158 1.36
f0667_05 107 977 312 2.74
f0668_31 105 403 53 2.39
f0669_11 89 878 15 2.52
f0670_02 95 725 1028 4.94
f0671_18 113 1190 80 2.56
f0672_28 94 57 16 1.4
f0673_28 114 651 439 1.26
f0674_44 91 456 1051 4.82
f0675_24 96 266 356 1.96
f0676_08 107 947 139 3
f0677_30 110 790 818 4.73
f0678_26 90 764 813 1.2
f0679_42 109 517 1131 2.01
f0680_28 117 504 27 4.92
f0681_47 103 465 167 1.16
f0682_48 105 126 595 2.39
f0683_02 105 113 352 2.32
f0684_13 79 215 9 4.27
f0685_40 92 854 27 3.91
f0686_09 109 236 742 2.2
f0687_43 103 920 1192 1.02
f0688_09 88 723 1145 1.55
f0689_06 81 148 305 3.48
f0690_26 96 930 965 3.49
f0691_00 79 508 997 2.7
f0692_03 101 1100 569 1.13
f0693_40 112 910 471 2.65
f0694_49 71 372 161 2.02
f0695_31 84 504 879 1.95
f0696_13 115 519 674 1.51
f0697_31 104 636 776 1.53
f0698_45 106 940 1155 3.26
f0699_19 96 765 471 1.05
f0700_20 102 986 110 3.76
f0701_21 112 733 806 3.89
f0702_46 90 149 1164 4.95
f0703_11 113 536 714 2.85
f0704_31 76 940 638 4.55
f0705_35 95 1120 326 1.72
f0706_13 97 436 356 4.92
f0707_44 84 784 1002 3.59
f0708_14 100 463 122 4.34
f0709_40 113 13 133 1.51
f0710_08 105 999 113 1.89
f0711_11 99 979 407 1.29
f0712_09 102 414 1003 1.32
f0713_17 86 942 432 2.6
f0714_32 107 790 222 1.97
f0715_08 83 980 1144 1.4
f0716_15 86 1161 795 2.21
f0717_46 105 28 985 3
f0718_13 101 449 0 2.86
f0719_05 56 369 93 4.39
f0720_38 101 100 517 2.74
f0721_31 108 995 150 1.04
f0722_29 107 16 653 4.84
f0723_20 105 1038 225 4.6
f0724_37 90 1084 83 2.94
f0725_46 100 711 360 2.7
f0726_09 112 732 865 4.42
f0727_27 79 1182 601 2.32
f0728_14 106 76 19 4.96
f0729_08 78 556 80 1.25
f0730_41 74 236 62 1.46
f0731_05 111 750 297 2.97
f0732_46 77 227 291 4.97
f0733_34 107 298 644 2.12
f0734_39 105 191 262 4.84
f0735_17 109 603 259 3.84
f0736_38 83 995 365 3.82
f0737_49 90 872 791 1.11
f0738_13 101 933 708 3.43
f0739_42 103 369 919 4.12
f0740_43 96 1098 139 4.26
f0741_44 27 665 196 1.28
f0742_09 78 659 660 1.76
f0743_31 114 7 333 2.23
f0744_23 98 1163 38 3.59
f0745_35 114 577 858 1.65
f0746_28 82 883 697 3.07
f0747_24 111 1127 761 2.11
f0748_15 91 567 300 3.65
f0749_12 105 338 457 4.89
f0750_18 100 263 735 1.98
f0751_28 105 309 11 3.93
f0752_25 117 603 832 2.55
f0753_05 87 668 880 3.38
f0754_01 74 911 919 3.47
f0755_46 86 811 187 2.9
f0756_22 93 127 376 2.09
f0757_24 94 567 657 1.49
f0758_07 102 673 96 1.12
f0759_41 112 885 944 1.16
f0760_23 82 589 635 3.51
f0761_10 80 141 848 3.91
f0762_20 106 221 628 2.42
f0763_30 98 73 92 1.5
f0764_08 115 323 947 3.88
f0765_33 113 138 1018 4.8
f0766_01 107 566 28 1.27
f0767_25 87 423 34 3.83
f0768_20 93 721 83 2.97
f0769_14 114 779 310 4.2
f0770_45 103 881 798 4.32
f0771_13 82 816 8 2.8
f0772_14 96 295 790 3.93
f0773_10 87 1132 631 2.62
f0774_40 114 92 449 3.91
f0775_24 105 438 213 2.79
f0776_08 90 354 30 4.68
f0777_12 114 249 959 1.24
f0778_20 100 21 217 2.98
f0779_27 92 866 822 1.55
f0780_06 93 149 4 3.43
f0781_31 108 543 648 2.5
f0782_49 99 132 774 3.47
f0783_27 98 462 510 1.46
f0784_30 108 818 658 3.22
f0786_07 70 721 463 4.64
f0787_21 69 790 1061 4.78
f0788_34 87 516 1121 2.89
f0789_10 103 1108 11 2.75
f0790_06 62 834 387 2.4
f0791_04 102 574 425 1.16
f0792_07 111 371 570 4.03
f0793_02 69 180 1071 4.2
f0794_31 100 781 1145 4.72
f0795_37 114 1192 1046 4.67
f0796_08 68 548 1128 1.08
f0797_22 92 158 1151 4.87
f0798_05 83 580 300 3.49
f0799_13 86 104 815 4.1
f0800_00 94 1137 527 4.77
f0801_25 96 1019 1182 4.51
f0803_40 112 929 1006 4.81
f0804_00 106 1103 649 1.4
f0805_48 59 1143 1172 1
f0806_09 108 1044 1032 3.2
f0807_16 87 49 153 3.27
f0808_46 79 146 1104 3.77
f0809_16 106 153 1122 1.76
f0810_40 84 208 714 2.46
f0811_49 106 1107 769 1.11
f0812_32 93 1112 466 3.93
f0813_02 102 1070 804 4.34
f0814_03 110 1064 218 2.32
f0815_12 114 112 521 4.4
f0816_18 87 41 699 2.51
f0817_40 79 918 784 3.65
f0818_03 96 568 1015 2.32
f0819_13 107 267 462 4.48
f0820_47 90 35 904 2.38
f0821_44 100 942 34 3.49
f0822_30 103 791 596 1.92
f0823_19 70 343 295 4.76
f0824_18 108 168 1068 4.78
f0825_23 9 86 346 3.33
f0826_18 105 224 25 3.72
f0827_09 109 304 300 4.22
f0828_34 105 1040 341 3.53
f0829_00 80 223 168 1.43
f0830_45 82 507 1149 3.6
f0831_15 108 1037 174 3.16
f0832_40 81 494 957 1.13
f0833_32 109 752 394 2.96
f0834_03 110 768 53 4.51
f0835_08 93 1011 1125 3.83
f0836_28 110 545 691 3.55
f0837_08 51 107 629 3.08
f0838_49 101 1152 858 3.39
f0839_37 101 532 803 1.71
f0840_37 108 29 133 3.14
f0841_10 110 1037 311 3.78
f0842_22 96 121 604 3.3
f0843_06 113 239 355 2.05
f0844_42 76 160 580 1.1
f0845_22 114 1076 656 4.16
f0846_32 52 703 1136 4.07
f0847_06 89 581 1194 2
f0848_42 49 207 261 3.32
f0849_38 82 281 1046 2.8
f0850_30 112 1011 933 1.5
f0851_41 88 176 244 3.8
f0852_40 103 938 239 2.29
f0853_05 107 667 681 3.82
f0854_12 79 0 1023 1.13
f0855_46 96 1077 994 4.37
f0856_23 75 1083 1187 4.32
f0857_21 106 843 409 2.52
f0858_32 95 643 466 1.44
f0859_01 107 784 1167 2.94
f0860_21 103 161 629 2.29
f0861_29 88 419 467 3.76
f0862_25 113 820 498 3.62
f0863_41 115 12 122 2.48
f0864_41 115 1027 671 2.06
f0865_24 106 1165 659 1.25
f0866_22 81 294 1049 2.23
f0867_28 100 865 155 2.69
f0868_03 112 88 716 4.8
f0869_20 78 568 424 2.47
f0870_31 100 545 263 4.2
f0871_23 95 593 190 1.23
f0872_30 84 473 21 3.52
f0873_42 100 204 751 3.61
f0874_26 113 190 1083 2.89
f0875_02 96 446 292 2.88
f0876_43 99 196 141 4.12
f0877_17 114 134 812 2.28
f0878_21 96 674 815 4.88
f0879_35 111 530 72 2.33
f0880_16 103 151 132 3.54
f0881_03 80 871 189 2.93
f0882_28 94 223 1192 1.36
f0883_14 102 714 652 4.19
f0884_29 98 552 214 4.96
f0885_39 79 1097 721 3.48
f0886_40 94 679 694 2.44
f0887_39 96 968 439 4.71
f0888_25 96 1160 796 4.94
f0889_48 87 1120 637 3.25
f0890_35 115 1145 406 2.89
f0891_44 98 121 1037 1.62
f0892_23 95 94 721 3.45
f0893_25 93 1130 1117 1.95
f0894_09 114 1077 691 2.54
f0895_48 64 96 1014 3.81
f0896_44 106 1119 91 3.24
f0897_19 45 167 436 3.05
f0898_29 105 1111 1027 1.65
f0899_05 97 598 578 2.32
f0900_42 67 272 719 2.68
f0901_39 103 642 519 1.19
f0902_17 83 615 837 2.44
f0903_42 105 1167 216 4.38
f0904_04 92 210 581 4.3
f0905_43 78 631 931 4.48
f0906_29 87 593 902 3.24
f0907_00 74 850 762 2.14
f0908_25 87 1196 1118 2.94
f0909_04 71 515 815 4.67
f0910_22 97 784 1036 2
f0911_02 99 144 386 1.27
f0912_01 101 979 935 3.33
f0913_31 103 872 1176 3.05
f0914_27 106 1072 1037 3.05
f0915_03 68 515 322 4.36
f0916_49 91 805 701 4.39
f0917_11 87 951 371 3.85
f0918_47 87 1107 1136 2.22
f0919_47 102 1148 705 2.85
f0920_11 94 361 241 3.5
f0921_40 83 6 1055 4.78
f0922_02 113 246 1191 4.67
f0923_31 107 555 458 4.37
f0924_33 105 628 299 2.74
f0925_21 114 1181 969 3.39
f0926_26 103 206 995 1.91
f0927_44 80 768 1006 2.4
f0928_42 103 1058 699 1.56
f0929_23 81 798 892 3.58
f0930_07 82 747 625 1.17
f0931_37 110 105 776 1.3
f0932_44 88 721 356 3.8
f0933_38 107 1070 98 3.13
f0934_12 114 253 186 4.48
f0935_28 114 1176 1157 4.06
f0936_34 92 372 334 1.26
f0937_01 36 812 626 4.54
f0938_10 110 304 777 2.52
f0939_32 105 493 801 2.73
f0940_45 100 954 443 4.13
f0941_49 61 958 67 2.32
f0942_17 71 23 217 4.11
f0943_40 103 925 833 3.01
f0944_27 99 312 29 2.17
f0945_28 110 1120 560 1.95
f0946_31 86 59 712 2.26
f0947_41 107 821 472 4.18
f0948_01 98 1000 1075 4.2
f0949_02 85 896 1048 2.46
f0950_21 93 889 790 2.79
f0951_29 107 598 133 4.32
f0952_49 83 619 851 2.7
f0953_15 112 995 135 3.62
f0954_02 60 1002 486 2
f0955_30 87 736 92 2.49
f0956_32 110 219 258 3.35
f0957_15 116 883 1047 3.46
f0958_28 105 1052 311 3.74
f0959_27 105 785 812 1.03
f0960_13 85 777 241 2.55
f0961_08 112 830 885 3.88
f0962_04 110 403 684 1.55
f0963_21 88 1039 237 2.79
f0964_10 67 599 584 1.64
f0965_28 87 1090 814 4.77
f0966_44 100 370 899 2.22
f0967_29 114 777 1200 3.43
f0968_30 87 263 442 3.1
f0969_31 41 1192 1003 2.59
f0970_15 97 683 591 2.13
f0971_24 78 442 121 3.55
f0972_43 78 644 543 3.19
f0973_47 96 1192 126 4.24
f0974_14 105 52 958 2.28
f0975_48 105 479 656 4.25
f0976_41 73 593 314 4.18
f0977_37 94 1068 471 3.25
f0978_05 96 861 62 1.17
f0979_22 89 776 648 1.85
f0980_43 74 1064 791 4.73
f0981_17 111 122 346 2.74
f0982_06 88 751 847 1.5
f0983_14 82 850 677 3.62
f0984_25 108 612 935 4.3
f0985_44 102 1047 577 1.68
f0986_02 109 1015 570 1.14
f0987_34 109 1153 1077 2.95
f0988_45 114 428 918 3.82
f0989_33 96 142 263 2.52
f0990_06 71 1108 185 2.03
f0991_47 108 934 159 3.81
f0992_04 87 1128 357 1.11
f0993_30 113 604 88 3.78
f0994_46 85 984 598 1.02
f0995_43 97 553 136 2.88
f0996_01 103 399 1128 4.83
f0997_34 96 784 194 2.03
f0998_45 96 438 1119 3.87
f0999_29 101 694 1151 4.35
f1000_45 109 487 645 1.13
f1001_28 105 485 259 1.65
f1002_33 82 1148 569 2.24
f1003_41 76 870 750 3.55
f1004_07 113 615 360 4.69
f1005_12 40 84 51 2.36
f1006_19 46 856 576 4.19
f1007_22 112 258 1141 2.01
f1008_28 107 526 365 4.81
f1009_29 68 582 1052 2.6
f1010_11 103 604 152 2.44
f1011_35 91 573 701 3.24
f1012_30 107 1039 995 4.75
f1013_47 110 6 776 4.71
f1014_23 96 640 487 1.47
f1015_14 93 756 888 3.89
f1016_36 62 313 294 3.14
f1017_30 103 191 660 2.03
f1018_07 74 1116 715 4.19
f1019_45 96 460 422 3.97
f1020_31 88 870 1096 3.16
f1021_16 72 399 838 1.6
f1022_17 101 180 593 3.96
f1023_49 64 930 724 3.07
f1024_46 111 218 1200 1.21
f1025_22 105 252 260 2.63
f1026_41 75 122 814 2.13
f1027_05 110 719 139 1.83
f1028_20 99 160 434 1.7
f1029_30 104 892 807 2.21
f1030_04 96 562 1050 3.34
f1031_37 105 426 50 1.55
f1032_06 92 790 279 4.76
f1033_07 83 51 1149 2.04
f1034_02 87 1147 90 3.3
f1035_22 106 800 448 2.05
f1036_49 95 562 589 2.45
f1037_16 49 334 851 4.31
f1038_35 114 920 133 3.18
f1039_40 107 191 352 1.25
f1040_01 93 1175 420 2.17
f1041_18 95 811 919 1.52
f1042_08 106 1037 1029 4.82
f1043_42 103 230 1039 1.97
f1044_04 101 813 22 3.36
f1045_35 54 594 526 1.28
f1046_14 90 784 840 4.65
f1047_26 107 743 893 3.52
f1048_31 116 911 321 2.06
f1049_26 96 652 715 2.54
f1050_39 105 123 522 2.69
f1051_38 98 972 18 1.29
f1052_05 87 1002 771 3.43
f1053_00 113 1022 823 2.46
f1054_20 93 220 401 3.41
f1055_16 95 652 17 2.23
f1056_11 60 1095 143 1.8
f1057_34 116 11 220 3.12
f1058_32 113 573 660 2.36
f1059_15 83 362 750 3.6
f1060_13 95 164 62 2.89
f1061_01 106 94 1022 2.12
f1062_28 112 321 349 3.89
f1063_36 114 160 352 2.91
f1064_32 108 1097 880 4.95
f1065_10 95 910 706 2.64
f1066_29 85 41 47 4.48
f1067_20 83 278 230 4.87
f1068_20 57 33 138 2.97
f1069_22 104 762 1091 4.89
f1070_09 99 28 203 1.41
f1071_37 90 601 976 4.17
f1072_34 84 326 337 3.4
f1073_05 93 1115 757 1.73
f1074_34 101 610 103 1.15
f1075_00 112 445 717 4.75
f1076_12 66 1008 951 1.3
f1077_48 85 492 792 4.2
f1078_11 106 719 892 1.28
f1079_06 66 551 128 4.99
f1080_00 89 271 414 2.08
f1081_19 94 371 5 4.41
f1082_22 107 102 170 2
f1083_27 116 554 669 4.87
f1084_48 111 945 153 2.54
f1085_29 82 882 36 2.07
f1086_15 104 54 741 4.45
f1087_32 104 1047 984 1.07
f1088_00 83 748 295 1.64
f1089_04 93 330 101 1.07
f1090_13 56 82 727 1.28
f1091_00 114 604 1132 1.3
f1092_01 75 907 366 3.77
f1093_13 110 335 687 4.96
f1094_42 111 1077 859 1.84
f1095_24 98 679 667 1.82
f1096_05 102 1124 264 2.27
f1097_20 105 49 635 3.73
f1098_11 105 252 497 4.78
f1099_37 85 397 1156 2.23
f1100_46 41 473 257 2.26
f1101_38 100 772 689 4.96
f1103_38 87 935 1129 4.51
f1104_24 81 20 404 2.78
f1105_31 97 67 407 4.49
f1106_01 73 934 73 1.86
f1108_14 106 974 290 3.76
f1109_36 100 591 306 4.16
f1111_02 114 266 211 3.52
f1112_30 114 375 85 2.26
f1113_16 88 864 261 4.33
f1114_07 115 755 1177 3.92
f1115_26 111 701 110 2.14
f1116_09 110 260 620 4.74
f1117_18 96 206 93 3.47
f1118_23 108 758 570 2.83
f1119_27 106 1114 767 3.09
f1120_05 105 400 949 1.51
f1121_47 92 682 1166 3.85
f1122_02 114 908 227 2.59
f1123_09 114 51 1107 1.33
f1124_24 114 153 11 2.26
f1125_41 106 390 847 1.92
f1126_06 114 567 552 3.81
f1127_01 114 882 397 1.36
f1128_24 82 1140 326 1.18
f1129_22 109 271 756 1.08
f1130_48 107 140 954 2.61
f1131_00 96 402 916 2.2
f1132_19 108 552 1171 4.61
f1133_00 106 417 660 4.39
f1134_40 107 434 387 2.57
f1135_17 84 409 917 2.1
f1136_31 103 647 552 4.24
f1137_07 109 1108 87 3.57
f1138_27 91 629 944 1.19
f1139_48 106 447 817 2.75
f1140_23 64 547 859 4.29
f1141_12 96 546 550 1.59
f1142_44 85 619 900 3.8
f1143_43 105 805 585 1.48
f1144_47 95 308 744 3.86
f1145_39 41 942 791 1.84
f1146_05 55 725 565 3.35
f1147_19 85 714 85 1.04
f1148_23 89 1116 1194 3.03
f1149_46 60 355 242 2.59
f1150_03 105 829 186 3.42
f1151_39 105 756 16 1.15
f1152_03 86 718 942 4.12
f1153_08 83 1080 724 1.17
f1154_00 65 302 109 2.2
f1155_22 113 447 1172 1.68
f1156_23 92 1078 492 2.89
f1157_43 97 760 118 4.64
f1158_21 112 152 401 3.02
f1159_29 82 918 939 3.78
f1160_23 71 710 205 1.84
f1161_00 68 738 132 2.95
f1162_15 85 276 210 2.25
f1163_43 50 927 471 4.89
f1164_21 102 88 554 3.29
f1165_30 68 1028 1068 4.92
f1166_04 98 1089 440 1.98
f1167_31 96 239 490 2.12
f1168_30 89 837 912 4.23
f1169_08 114 12 576 2.46
f1170_00 114 1178 1075 3.44
f1171_06 87 1188 206 4.96
f1172_25 89 694 705 1.13
f1173_40 101 716 914 2.53
f1174_47 110 85 1120 4.65
f1175_48 98 149 468 1.1
f1176_40 104 964 654 4.49
f1177_42 101 864 1135 2.14
f1178_03 110 894 1200 1.09
f1179_01 96 300 236 2.56
f1180_21 102 605 748 1.25
f1181_27 109 754 107 3.74
f1182_38 98 1110 872 1.11
f1183_38 108 172 928 3.96
f1184_21 69 374 1005 3.68
f1185_47 94 284 872 1.03
f1186_07 96 432 356 2.19
f1187_49 89 174 659 3.75
f1188_01 91 410 892 3.86
f1189_06 85 256 621 2.47
f1190_46 86 894 679 3.63
f1191_18 103 601 996 2.62
f1192_26 91 995 784 4.94
f1193_46 98 381 156 3.21
f1194_03 99 698 772 4.45
f1195_27 93 1179 624 1.03
f1196_16 100 971 702 3.08
f1197_00 98 999 442 4.04
f1198_41 111 234 685 3.69
f1199_24 109 724 833 2.4
f1200_36 87 329 845 3.4
f1201_49 107 354 754 3.14
f1202_47 65 667 104 2.32
f1203_10 107 884 983 1.07
f1204_09 110 238 579 4.25
f1205_25 102 426 380 1.84
f1206_36 105 466 489 1.43
f1207_46 88 117 1092 4.57
f1208_33 73 366 35 3.04
f1209_31 22 668 789 4.54
f1210_47 105 565 544 2
f1211_04 109 531 859 1.59
f1212_39 114 778 1089 1.65
f1213_10 86 1160 677 2.16
f1214_39 107 1115 720 4.94
f1215_02 102 883 993 2.06
f1216_32 109 785 736 3.38
f1217_02 85 690 901 4.37
f1218_35 85 42 480 2.71
f1219_26 104 638 653 3.98
f1220_42 88 852 1092 4.26
f1221_17 69 776 695 4.84
f1222_04 96 908 768 4.13
f1223_27 103 839 363 2.26
f1224_16 108 773 661 2.68
f1225_06 112 635 1154 1.21
f1226_13 113 697 75 3.65
f1227_38 99 831 548 2.91
f1228_30 57 237 857 1.48
f1229_25 80 411 396 4.34
f1230_10 102 664 690 2.98
f1231_36 102 760 1029 1.31
f1232_34 81 889 115 4.73
f1233_46 112 445 67 3.42
f1234_26 78 546 772 1.73
f1235_34 104 525 662 2.3
f1236_11 105 811 576 1.47
f1237_18 87 366 365 2.61
f1238_43 102 642 874 1.48
f1239_18 109 262 1124 4.34
f1240_01 103 1182 167 3.28
f1241_00 110 817 454 4.34
f1242_30 105 65 829 1.18
f1243_07 108 648 837 4.84
f1244_09 98 316 56 1.7
f1245_39 81 151 540 2.26
f1246_39 105 833 341 4.48
f1247_15 113 99 188 1.75
f1248_28 60 1073 44 4.7
f1249_33 100 1166 84 1.55
f1250_24 60 1162 705 1.88
f1251_10 110 131 724 3.55
f1252_21 66 895 363 2.01
f1253_43 100 881 531 4.87
f1254_34 105 1001 5 1.33
f1255_13 90 677 21 3.1
f1256_05 75 675 671 2.85
f1257_26 92 436 545 2.82
f1258_19 86 639 566 4.11
f1259_08 100 961 500 3.08
f1260_34 104 1052 914 1.12
f1261_39 64 848 535 3.38
f1262_42 105 487 206 3.64
f1263_18 104 1044 425 4.16
f1264_37 97 612 1113 4.13
f1265_03 105 331 605 4.4
f1266_29 111 336 1192 3.73
f1267_20 93 1022 321 4.55
f1268_12 114 768 69 1.76
f1269_14 65 278 225 4.92
f1270_28 107 569 1034 1.62
f1271_05 91 1083 581 3.3
f1272_09 115 55 761 3.49
f1273_29 104 116 448 2.82
f1274_24 110 551 665 3.41
f1275_19 105 351 83 3.01
f1276_10 109 78 1120 1.9
f1277_02 105 27 1118 3.84
f1278_22 111 93 895 2.62
f1279_31 96 128 877 2.7
f1280_21 61 112 1045 1.04
f1281_28 107 420 131 1.23
f1282_39 114 177 858 1.42
f1283_24 98 154 150 4.97
f1284_38 86 407 410 2.19
f1285_45 96 822 919 2.2
f1286_47 110 1183 833 4.98
f1287_40 91 75 10 1.11
f1288_23 61 221 590 1.58
f1289_06 89 678 618 1.72
f1290_49 93 267 691 3.81
f1291_26 69 948 1111 3.66
f1292_22 69 1197 234 1.09
f1293_37 67 644 278 4.84
f1294_12 99 27 120 3.7
f1295_00 102 1111 794 3.53
f1296_02 80 467 30 4
f1297_30 74 293 645 3.22
f1298_29 103 1012 1194 1.04
f1299_42 63 207 1094 4
f1300_41 105 1109 92 2.53
f1301_47 112 470 699 4.73
f1302_15 75 1144 417 2.62
f1303_05 87 989 735 1.34
f1304_45 86 307 681 3.13
f1305_42 109 567 195 2.8
f1306_03 69 538 30 4.51
f1307_25 77 1181 768 4.26
f1308_43 99 674 85 4.83
f1309_08 90 1086 923 4.07
f1310_44 107 319 916 1.3
f1311_39 113 1187 1179 1.93
f1312_23 103 62 1002 2.31
f1313_04 113 913 838 4.59
f1314_29 116 1062 1133 4.65
f1315_48 98 572 1054 1.83
f1316_31 81 475 953 3.54
f1317_00 104 1149 968 1.89
f1318_17 104 530 945 2.6
f1319_00 83 388 308 4.9
f1320_38 101 1193 595 3.83
f1321_40 116 611 842 2.39
f1322_16 58 695 358 2.04
f1323_11 106 557 741 3.85
f1324_40 110 1126 155 1.77
f1325_20 111 132 1093 2.98
f1326_12 108 851 627 3.97
f1327_05 98 1140 258 1.9
f1328_01 96 1079 1030 3.09
f1329_29 104 1122 503 2.91
f1330_35 105 944 770 4.61
f1331_49 89 711 673 3.76
f1332_24 104 186 155 4.08
f1333_48 105 647 564 4.47
f1334_00 96 791 617 2.27
f1335_30 91 224 575 1.33
f1336_30 112 384 281 1.12
f1337_29 78 323 73 1.43
f1338_02 114 896 591 4.37
f1339_22 93 1135 808 2.48
f1340_02 108 101 936 1.6
f1341_45 96 127 909 2.41
f1342_17 75 310 965 3.84
f1343_32 76 258 720 1.85
f1344_45 69 396 351 4.99
f1345_41 105 674 494 2.34
f1346_08 101 853 721 3.59
f1347_06 88 1185 638 4.55
f1348_27 64 320 18 3.15
f1349_00 106 762 252 2.17
f1350_18 115 875 451 4.91
f1351_29 105 833 374 4.52
f1352_27 98 386 172 2.46
f1353_42 101 364 592 1.75
f1354_22 92 302 894 3.9
f1355_03 108 348 1089 2.36
f1356_29 80 39 186 1.87
f1357_25 84 36 210 4.04
f1358_13 58 907 345 3.07
f1359_45 86 877 1045 1.19
f1360_32 86 172 983 2.58
f1361_36 108 1067 225 1.43
f1362_31 103 397 471 1.24
f1363_19 103 1106 24 1.76
f1364_24 59 778 1135 2.91
f1365_16 95 632 916 4.95
f1366_49 100 952 384 2.88
f1367_00 92 519 92 1.79
f1368_03 104 376 637 1.33
f1369_36 113 656 909 4.23
f1370_48 108 226 77 1.97
f1371_21 69 1151 440 1.3
f1372_35 98 1089 870 3.49
f1373_33 87 225 1114 4.5
f1374_18 113 319 473 2.22
f1375_23 97 633 143 4.79
f1376_43 107 1171 465 3.93
f1377_09 75 1087 1174 2.8
f1378_08 99 443 704 1.19
f1379_47 87 997 120 2.33
f1380_34 96 177 781 2.97
f1381_00 97 261 452 4.62
f1382_07 98 126 835 1.07
f1383_16 106 1004 965 2.08
f1384_42 63 711 853 1.21
f1385_36 91 268 368 4.6
f1386_19 54 485 975 4.11
f1387_23 104 1017 462 1.78
f1388_41 61 963 622 3.8
f1389_01 97 33 1069 2.5
f1390_10 109 430 1006 1.5
f1391_35 116 1123 1054 3.42
f1392_44 111 206 902 4.71
f1393_25 109 627 459 4.95
f1394_16 99 186 350 4.89
f1395_14 88 504 42 4.29
f1396_07 68 408 1122 3.96
f1397_09 114 275 410 2.16
f1398_48 96 454 183 2.15
f1399_06 90 86 565 2.51
f1400_25 102 1136 185 1.9
f1401_36 94 1155 797 2.97
f1402_17 108 613 451 4.01
f1403_42 108 349 358 2.31
f1404_39 78 203 1105 4.5
f1405_35 94 463 440 4.11
f1406_38 97 594 50 3.89
f1407_18 86 289 1013 2.6
f1408_02 73 45 899 1.59
f1409_25 105 1122 142 4.22
f1410_19 51 253 363 2.21
f1411_01 104 1029 354 2.43
f1412_36 112 369 183 4.62
f1413_14 101 325 759 4.38
f1414_16 77 65 954 3.47
f1415_37 110 296 1028 1.95
f1416_00 93 1065 530 4.7
f1417_14 76 86 877 1.01
f1418_02 102 429 1183 1.57
f1419_11 60 79 506 3.74
f1420_00 83 521 128 1.36
f1421_27 93 235 1018 4.46
f1422_18 112 939 708 1.55
f1423_05 43 914 817 3.26
f1424_45 104 988 1038 2.3
f1425_23 108 542 118 4.18
f1426_27 109 742 587 2.87
f1427_16 108 240 863 3.41
f1428_25 111 162 932 2.79
f1429_14 88 1146 340 1.12
f1430_10 96 1138 1127 3.79
f1431_47 105 723 998 2.45
f1432_44 12 4 767 4.47
f1433_36 97 636 647 3.12
f1434_10 98 530 585 2.1
f1435_38 99 141 154 3.79
f1436_39 103 119 534 1.2
f1437_23 88 1094 532 3.75
f1438_26 81 1010 226 2.15
f1439_27 102 80 382 4.74
f1440_10 115 464 903 4.47
f1441_43 97 343 344 1.95
f1442_28 92 1000 432 3.33
f1443_09 103 426 312 3.72
f1444_03 116 919 219 2.1
f1445_31 112 871 38 3.19
f1446_25 87 447 1033 3.65
f1447_28 112 1200 768 2.01
f1448_42 95 909 44 3.14
f1449_22 109 1146 389 2.36
f1450_34 114 582 615 2.59
f1451_24 83 114 366 1.73
f1452_02 94 924 647 1.82
f1453_47 109 447 876 4.88
f1454_12 96 241 221 1.65
f1455_14 109 563 732 2.82
f1456_41 113 414 790 1.1
f1457_23 111 874 488 2.78
f1458_19 109 409 414 4.2
f1459_30 86 209 1038 2.45
f1460_02 95 764 904 2.89
f1461_46 88 275 695 1.06
f1462_01 105 486 324 4.56
f1463_23 97 676 1018 4.96
f1464_23 85 357 399 4.73
f1465_32 78 370 1095 4
f1466_48 93 25 154 3.34
f1467_22 77 866 584 4.44
f1468_04 87 926 755 1.82
f1469_25 82 115 64 4.84
f1470_34 113 765 294 4.66
f1471_42 96 104 854 1.53
f1472_37 105 491 131 2.6
f1473_30 114 193 105 1.32
f1474_13 87 152 1091 3.74
f1475_14 66 959 206 1.2
f1476_39 60 557 158 3.86
f1477_37 69 352 869 4.88
f1478_41 109 712 297 4.03
f1479_40 109 391 896 2.32
f1480_24 98 329 864 1.45
f1481_35 115 780 451 2.28
f1482_39 109 1185 60 3.52
f1483_44 88 318 133 4.5
f1484_21 89 138 275 1.15
f1485_22 100 637 189 3.63
f1486_35 82 177 487 1.62
f1487_45 105 1157 290 1.65
f1488_27 88 914 803 4.96
f1489_03 93 47 349 4.93
f1490_31 101 580 874 2.9
f1491_42 102 749 1034 1.7
f1492_06 87 59 1189 1.24
f1493_36 92 1067 233 3.18
f1494_41 113 409 674 3.47
f1495_32 50 677 190 3.76
f1496_39 103 549 1102 3.34
f1497_28 111 97 806 3.67
f1498_08 108 448 756 3.69
f1499_12 81 631 963 1.75
f1500_25 89 132 355 4.14
f1501_00 106 811 990 3.58
f1502_33 102 213 879 2.15
f1503_02 81 19 399 1.75
f1504_10 95 784 533 3.54
f1505_21 91 607 289 3.55
f1506_35 96 506 132 1.87
f1507_20 95 644 779 2.07
f1508_14 83 574 71 1.8
f1509_45 74 771 705 3.69
f1510_28 114 1138 826 3.08
f1511_41 110 140 673 3.91
f1512_39 86 10 983 1.33
f1513_07 73 1009 265 4.4
f1514_35 106 95 12 4.73
f1515_36 111 598 897 3.05
f1516_46 104 847 497 2.56
f1517_35 62 20 388 3.6
f1518_07 98 743 332 4.01
f1519_36 111 386 46 3.73
f1520_07 116 208 868 2.25
f1521_17 97 785 815 3.02
f1522_45 110 1085 334 4.84
f1523_03 65 5 891 3.77
f1524_26 103 1070 1071 2.47
f1525_00 103 419 671 2.66
f1526_31 104 687 245 1.61
f1527_46 116 286 627 1.93
f1528_18 114 977 338 3.74
f1529_23 99 889 621 3.08
f1530_18 108 1073 354 4.31
f1531_34 92 1024 333 1.55
f1532_16 109 489 259 3.13
f1533_23 115 450 18 3.39
f1534_32 112 135 774 2.34
f1535_20 98 65 631 3.79
f1536_05 116 502 765 1.38
f1537_32 91 481 1153 2.37
f1538_15 87 918 197 3.29
f1539_20 112 531 983 4.43
f1540_20 111 63 89 1.93
f1541_40 105 346 1152 3.97
f1542_30 93 229 388 4.48
f1543_08 106 191 460 2.93
f1544_46 112 903 723 2.05
f1545_40 92 41 265 4.18
f1546_05 110 749 760 2.38
f1547_06 111 536 482 4.03
f1548_21 60 948 132 2.41
f1549_10 76 1082 650 4.76
f1550_34 106 738 330 2.89
f1551_34 112 969 1113 2.39
f1552_32 94 1049 1007 4
f1553_24 81 857 1140 3.93
f1554_25 101 106 400 4.85
f1555_23 111 287 973 1.92
f1556_19 29 17 287 4.58
f1557_00 106 1138 471 4.83
f1558_21 96 297 1098 4.37
f1559_25 114 555 865 4.43
f1560_15 114 69 85 2.74
f1561_30 103 493 529 1.58
f1562_13 101 211 947 1.75
f1563_24 87 755 632 1.23
f1564_43 96 1177 34 3.98
f1565_04 114 618 481 4.15
f1566_38 109 1120 353 4.85
f1567_20 114 773 133 3.8
f1568_21 110 1070 1200 1.24
f1569_23 100 994 59 2.49
f1570_40 96 306 787 2.52
f1573_06 70 289 370 1.2
f1574_26 114 662 418 1.22
f1575_36 117 274 886 1.22
f1576_04 55 236 985 3.81
f1577_15 101 1157 447 3.2
f1578_22 69 86 639 3.37
f1579_11 111 792 592 1.38
f1580_14 85 148 67 2.9
f1581_39 101 651 889 2.46
f1582_49 112 831 902 2.03
f1583_41 115 613 1014 3.37
f1584_28 114 1019 228 1.82
f1585_06 112 537 12 2.43
f1586_22 103 283 31 4.39
f1587_05 96 784 282 2
f1588_11 109 228 34 2.81
f1589_38 109 798 414 3.44
f1590_15 107 329 319 2.79
f1591_47 107 695 1153 1.02
f1592_44 96 919 202 3.53
f1593_46 96 174 1056 1.87
f1594_09 84 461 606 3.58
f1595_34 105 237 219 2.8
f1596_10 88 477 368 1.62
f1597_45 94 620 356 3.09
f1598_49 51 1092 554 2.28
f1599_48 92 460 620 3.3
f1600_43 105 517 4 1.59
f1601_01 114 155 829 2.2
f1602_35 108 729 976 1.11
f1603_40 110 253 1078 1.22
f1604_07 110 521 576 1.3
f1605_44 108 479 168 2.99
f1606_19 95 386 384 3.7
f1607_17 69 125 708 4.18
f1608_37 108 208 307 3.77
f1609_27 103 273 1115 1.45
f1610_32 109 545 784 4.36
f1611_08 99 566 958 2.17
f1612_47 104 1111 228 2.86
f1613_27 109 473 938 3.46
f1614_22 111 1065 497 4.35
f1615_41 88 901 202 4.05
f1616_04 114 576 478 2.43
f1617_41 110 797 861 4.37
f1618_39 102 449 790 1.67
f1619_37 108 1167 1116 1.19
f1620_12 88 572 372 2.53
f1621_46 72 1139 829 4.22
f1622_16 107 123 361 4.31
f1623_09 78 304 371 2.06
f1624_03 98 918 1106 1.94
f1625_05 107 401 789 4.11
f1626_27 91 671 723 4.92
f1627_25 114 675 384 3.36
f1628_45 94 85 813 2.62
f1629_49 114 499 1029 3.5
f1630_21 112 401 598 2.48
f1631_40 109 176 365 1.96
f1632_39 96 1028 1114 4.13
f1633_35 110 1030 369 4.94
f1634_38 98 339 110 3.39
f1635_40 109 967 414 4.93
f1636_00 90 790 147 4.15
f1637_03 88 1046 831 3.29
f1638_14 103 1072 519 3.47
f1639_38 84 1123 76 2.15
f1640_48 115 1030 945 4.38
f1641_09 87 1088 786 2.32
f1642_04 97 672 992 1.51
f1643_46 112 161 588 2.52
f1644_01 116 380 924 3.53
f1645_35 115 974 1181 4.07
f1646_33 62 1150 451 2.68
f1647_28 113 315 1074 3.43
f1648_00 98 256 1147 2.07
f1649_03 114 941 202 3.32
f1650_05 95 500 752 2.84
f1651_06 112 1016 451 1.91
f1652_11 109 584 1098 4.36
f1653_02 107 491 222 2
f1654_46 112 925 157 1.93
f1655_34 69 1071 479 1.31
f1656_24 106 176 884 2.12
f1657_06 84 348 174 4.94
f1658_04 106 411 896 4.14
f1659_04 107 588 351 4.75
f1660_07 95 923 386 2.01
f1661_05 100 978 1134 4.2
f1662_01 113 434 182 4.46
f1663_13 93 159 153 4.15
f1664_04 106 654 265 2.09
f1665_00 68 876 906 4.28
f1666_45 87 829 83 3.62
f1667_29 112 14 839 1.94
f1668_08 101 510 68 4.83
f1669_41 105 335 275 3.57
f1670_20 109 469 1181 1.05
f1671_40 100 237 436 4.67
f1672_35 77 519 992 1.01
f1673_32 89 864 966 1.81
f1674_35 69 751 907 1.49
f1675_40 62 155 968 1.49
f1676_30 110 587 108 3.91
f1677_01 94 865 1106 3.56
f1678_19 110 1103 278 1.55
f1679_05 108 865 1102 2.44
f1680_37 105 827 828 3.2
f1681_44 111 1039 953 3.17
f1682_10 101 988 492 3.52
f1683_30 107 11 913 1.7
f1684_08 109 98 1163 2.89
f1685_23 97 592 676 1.68
f1686_01 61 358 1166 1.86
f1687_40 84 82 1039 3.41
f1688_24 106 414 40 1.88
f1689_07 108 900 765 1.59
f1690_24 111 604 773 3.96
f1691_07 87 72 948 3.1
f1692_18 105 1139 278 2.09
f1693_00 106 1085 334 3.15
f1694_17 101 1106 436 4.47
f1695_12 105 199 828 4.56
f1696_08 99 1081 222 2.86
f1697_45 102 8 503 1.8
f1698_35 105 352 458 1.92
f1699_42 108 886 161 3.44
f1700_36 103 9 337 3.43
f1701_10 97 457 1069 1.8
f1702_13 111 299 165 3.26
f1703_29 98 1051 1156 3.52
f1704_29 113 130 329 2.43
f1705_41 115 881 410 3.38
f1706_39 114 838 976 3.65
f1707_05 91 59 104 4.94
f1708_22 92 25 388 3.43
f1709_03 108 44 684 1.94
f1710_15 97 1182 590 4.44
f1711_35 87 369 250 2.94
f1712_10 115 818 1111 1.31
f1713_02 81 1113 922 4.97
f1714_49 102 139 841 1.76
f1715_20 114 326 465 1.85
f1716_48 64 721 245 3.73
f1717_16 85 1058 163 1.39
f1718_29 98 1172 223 2.85
f1719_12 100 1094 674 4.61
f1720_48 113 1025 300 3.84
f1721_26 114 624 715 1.12
f1722_43 115 812 803 3.3
f1724_42 114 744 975 1.13
f1728_02 115 764 30 1.29
f1729_47 108 582 717 1.12
f1730_21 97 993 72 1.78
f1731_34 54 855 926 3.43
f1732_28 114 1011 538 3.82
f1733_23 78 793 1013 3.62
f1734_48 96 803 995 4.76
f1735_22 104 175 579 4.39
f1736_04 87 916 491 4.3
f1737_09 87 463 1069 2.36
f1738_42 110 151 689 3.85
f1739_23 114 184 797 2.48
f1740_04 113 924 629 4.53
f1741_16 103 751 436 3.81
f1742_04 114 1111 148 3.55
f1743_33 75 342 44 1.83
f1744_39 112 844 263 3.33
f1745_36 88 1016 901 4.41
f1746_28 98 1081 143 3.68
f1747_44 87 467 952 4.55
f1748_30 114 373 905 3.24
f1749_23 47 126 0 3.51
f1750_06 113 970 1064 1.02
f1751_08 89 1000 225 2.26
f1752_29 115 233 468 1.92
f1753_34 108 927 225 1.16
f1754_35 104 376 499 2.6
f1755_46 100 1190 1115 1.64
f1756_07 27 145 1190 1.35
f1757_24 103 297 512 1.15
f1758_36 108 1056 1082 3.65
f1759_19 77 997 79 3.79
f1760_27 105 1168 964 4.18
f1761_43 100 435 456 4.42
f1762_28 112 867 767 1.56
f1763_25 105 1180 910 4.29
f1764_25 93 462 850 1.65
f1765_33 107 535 205 3.16
f1766_41 105 799 960 3.54
f1767_34 32 613 1167 1.24
f1768_48 99 197 585 1.13
f1769_04 110 58 1 2.79
f1770_47 100 579 108 3.95
f1771_46 95 1106 502 3.81
f1772_12 81 1159 841 3.67
f1773_18 105 1136 38 3.54
f1774_40 113 789 149 2.95
f1775_42 112 672 186 1.85
f1776_35 99 300 1042 2.15
f1777_29 103 1055 617 2.35
f1778_11 101 310 628 1.21
f1779_01 104 481 504 1.74
f1780_04 74 562 1131 2.77
f1781_48 96 1139 236 4.01
f1782_05 94 849 791 3.69
f1783_34 67 736 712 2.3
f1784_17 97 269 171 3.46
f1785_07 103 1192 854 4.37
f1786_08 76 614 812 4.72
f1787_36 96 66 10 3.15
f1788_32 95 226 241 4.02
f1789_37 110 354 380 3.15
f1790_11 99 606 6 2.5
f1791_04 106 1151 1059 3.27
f1792_12 112 471 846 1.69
f1793_33 83 838 376 3.23
f1794_07 85 726 291 3.19
f1795_30 109 400 403 4.89
f1796_21 98 483 25 2.14
f1797_27 85 303 46 2.01
f1798_42 87 948 683 3.39
f1799_27 116 92 1086 1.88
f1800_08 104 387 316 2.03
f1801_01 109 725 1116 1.93
f1802_35 64 572 280 3.43
f1803_09 104 541 1200 1.45
f1804_32 85 197 69 2.52
f1805_13 94 1036 220 2.22
f1806_29 115 435 80 2.06
f1807_08 102 737 556 1.8
f1808_13 85 1062 945 3.48
f1809_16 81 590 522 1.01
f1810_02 104 541 1188 4
f1811_11 93 38 1060 1.09
f1812_15 113 519 999 4.79
f1813_25 92 831 515 1.57
f1814_24 87 138 618 4.16
f1815_44 109 990 711 2.6
f1816_24 70 419 296 2.35
f1817_18 105 984 400 1.63
f1818_11 96 73 242 4.27
f1819_37 99 459 426 3.75
f1820_17 113 1040 1145 2.07
f1821_24 100 837 812 2.22
f1822_45 103 616 704 4.71
f1823_43 96 406 833 4.33
f1824_18 104 464 439 3.36
f1825_06 97 1067 896 3.13
f1826_01 101 680 67 4.85
f1827_17 102 673 1047 2.33
f1828_25 80 879 1182 4.92
f1829_17 80 113 1190 1.03
f1830_16 105 604 995 3.14
f1831_15 46 350 233 1.31
f1832_47 107 948 567 3.54
f1833_03 114 401 897 1.36
f1834_16 105 357 866 3.68
f1835_27 72 1135 670 4.76
f1836_34 113 324 846 4.57
f1837_00 116 984 1185 1.29
f1838_49 96 444 939 1.76
f1839_31 95 121 474 4.28
f1840_35 108 996 1079 2.73
f1841_05 111 594 1016 1.58
f1842_34 105 948 57 2.72
f1843_09 98 333 706 3.41
f1844_38 100 881 821 1.95
f1845_02 105 593 903 3.22
f1846_45 100 832 695 3.88
f1847_26 100 369 4 1.61
f1848_43 104 269 479 3.46
f1849_46 108 535 844 1.96
f1850_16 73 524 1026 1.46
f1851_06 87 761 594 1.34
f1852_35 107 764 477 4.28
f1853_42 105 425 366 2.58
f1854_17 51 1032 159 3.64
f1855_37 114 1020 56 3.06
f1856_37 96 588 210 2.86
f1857_48 85 754 1121 4.01
f1858_21 81 993 575 2.6
f1859_39 96 969 901 1.9
f1860_06 89 959 726 4.06
f1861_26 107 1103 631 1.5
f1862_37 109 508 733 1.67
f1863_44 105 12 1136 4.59
f1864_10 105 55 5 3.68
f1865_30 89 203 710 3.7
f1866_14 76 719 1038 4.93
f1867_44 89 1119 627 3.72
f1868_06 77 467 798 2.35
f1869_07 78 990 234 3.12
f1870_30 111 171 743 2.92
f1871_04 102 774 963 4.66
f1872_07 63 786 704 1.33
f1873_22 114 94 1031 3.83
f1874_36 112 1016 1134 3.32
f1875_21 114 1109 944 1.16
f1876_22 81 482 764 3.26
f1877_30 106 1165 556 2.89
f1878_33 103 1080 612 3.2
f1879_44 94 311 1040 1.59
f1880_06 90 982 140 3.48
f1881_37 91 381 1190 1.1
f1882_40 87 1165 179 3.81
f1883_03 103 611 449 2.04
f1884_05 106 532 878 3.12
f1885_29 111 113 69 1.38
f1886_18 101 172 720 2.75
f1887_23 86 1024 83 4.51
f1888_11 78 301 467 2.54
f1889_05 113 736 218 2
f1890_28 108 557 874 2.37
f1891_18 104 1084 640 1.81
f1892_07 102 735 736 2.04
f1893_26 108 684 718 1.17
f1894_39 97 1122 1193 2.09
f1895_37 112 1040 95 4.62
f1896_13 98 605 926 2.88
f1897_40 110 578 1001 4.66
f1898_09 76 725 1037 2.18
f1899_19 61 472 643 2.47
f1900_12 112 465 846 3.19
f1901_07 100 605 901 2.06
f1902_10 88 736 1073 1.49
f1903_48 95 69 745 2
f1904_33 96 845 497 2.37
f1905_23 103 782 315 3.03
f1906_16 117 1168 752 2.33
f1907_22 107 44 310 2.99
f1908_49 108 110 793 4.92
f1909_43 90 678 1024 2.97
f1910_05 108 706 774 4.25
f1911_44 90 421 811 2.25
f1912_13 109 531 373 2.22
f1913_37 110 343 458 2.3
f1914_02 61 980 934 2.54
f1915_00 71 87 160 2.25
f1916_32 107 583 958 3.85
f1917_19 114 744 1150 4.51
f1918_04 87 404 117 1.14
f1919_17 96 1010 229 1.53
f1920_09 101 85 1134 1.09
f1921_33 112 506 1168 4.58
f1922_38 94 226 1198 3.98
f1923_42 52 779 920 3.92
f1924_29 97 681 705 4.59
f1925_00 101 871 201 2.31
f1926_49 97 127 957 3.5
f1927_01 105 356 1066 1.18
f1928_20 79 221 931 1.03
f1929_04 97 1167 640 4.06
f1930_02 114 897 426 3.42
f1931_49 51 976 573 1.56
f1932_09 87 124 272 2.56
f1933_13 105 156 185 4.72
f1934_10 85 734 331 4.23
f1935_07 98 1156 276 1.12
f1936_06 110 797 467 1.36
f1937_04 84 1020 1008 1.26
f1938_21 94 258 953 3.71
f1939_13 102 116 756 3.23
f1940_28 101 892 323 2.28
f1941_44 117 1162 536 2.98
f1942_21 114 264 11 4.73
f1943_00 99 487 809 2.17
f1944_40 66 1141 209 1.79
f1945_00 113 941 951 4.4
f1946_25 94 1173 749 1.67
f1947_49 103 292 582 1.71
f1948_41 97 1084 511 4.06
f1949_20 87 797 624 1.29
f1950_08 107 537 534 3.21
f1951_19 112 674 1138 3.69
f1952_17 88 260 1014 1.03
f1953_17 113 733 33 2.54
f1954_31 114 410 17 1.27
f1955_30 102 1080 285 1.81
f1956_19 106 368 466 4.49
f1957_41 102 708 920 2.42
f1958_33 86 88 353 1.69
f1959_39 87 213 463 3.56
f1960_26 114 794 140 2.77
f1961_34 84 267 277 1.57
f1962_12 114 266 181 2.18
f1963_27 114 507 536 3.96
f1964_32 105 1043 310 1.81
f1965_23 27 1001 591 3.94
f1966_31 78 760 804 3.44
f1967_21 105 596 695 2.09
f1968_09 110 870 58 3.78
f1970_32 105 919 685 4.24
f1971_12 100 198 966 3.05
f1972_15 90 1197 804 4.42
f1973_24 94 1090 377 3.89
f1975_00 90 81 1080 3.43
f1976_25 104 949 719 1.51
f1977_23 55 660 98 1.44
f1978_04 102 1076 836 1.33
f1979_36 87 303 183 4.65
f1980_17 87 825 670 2.17
f1981_44 83 250 1184 3.88
f1982_16 78 169 464 2.07
f1983_00 87 1122 50 1.92
f1985_18 103 1139 1164 2.15
f1986_20 106 48 308 1.75
f1987_47 104 13 514 1.4
f1988_11 95 371 487 3.56
f1989_45 97 1114 288 2.78
f1991_47 100 1128 548 3.2
f1993_19 105 1073 356 4.55
f1994_21 103 345 446 1.08
f1996_12 110 540 576 3.22
f1997_00 105 36 1174 2.67
f1998_10 110 47 967 1.1
f1999_37 108 801 112 2.02
f2000_40 112 110 243 1.81
f2001_42 104 624 900 4.89
f2002_29 90 969 181 4.97
f2003_18 106 572 714 3.1
f2004_29 96 932 608 3.3
f2005_01 96 1057 323 4.14
f2006_31 99 1189 470 4.6
f2007_45 74 882 981 2.47
f2008_26 100 20 977 2.86
f2009_39 91 1044 125 1.28
f2010_38 115 272 459 4.66
f2011_41 114 1088 21 3.39
f2012_46 105 251 372 4.93
f2013_19 95 31 222 4.97
f2014_07 104 335 981 1.22
f2015_08 95 120 1176 1.22
f2016_39 110 233 42 4.67
f2017_03 107 836 794 1.92
f2018_05 98 877 380 3.36
f2019_34 104 434 88 3.3
f2020_16 102 679 330 4.84
f2021_30 107 739 531 4.65
f2022_38 114 750 649 3.3
f2023_12 87 376 1027 4.73
f2024_20 110 747 952 2.36
f2025_00 105 805 59 3.53
f2026_32 111 296 165 2.06
f2027_41 14 772 115 4.8
f2028_18 85 777 807 3.36
f2029_03 90 1041 750 4.88
f2030_28 105 76 899 1.23
f2031_31 91 839 380 1.77
f2032_22 77 284 396 3.28
f2033_24 110 305 1139 2.07
f2034_14 89 645 1147 4.44
f2035_49 108 154 458 3.32
f2036_29 114 389 897 2.9
f2037_06 92 856 428 1.42
f2038_08 101 189 1139 1.24
f2039_13 90 936 718 2.27
f2040_47 96 841 469 4
f2041_22 101 734 221 1.71
f2042_30 109 861 68 4.84
f2043_25 78 657 1138 3.4
f2045_15 114 720 93 3.58
f2047_48 87 852 47 3.4
f2048_19 94 117 788 2.17
f2049_38 100 141 1061 1.6
f2050_45 104 1189 144 4.14
f2051_15 107 1015 202 1.7
f2052_11 114 1171 101 3.12
f2053_20 103 847 151 2.22
f2054_13 96 927 343 4.17
f2055_31 96 486 471 1.58
f2056_40 78 210 78 3.06
f2057_23 95 731 775 1.4
f2058_01 96 869 232 3.95
f2059_42 110 924 645 3.08
f2060_18 108 1152 57 1.43
f2061_12 87 936 940 3.91
f2062_39 89 495 303 1.85
f2063_00 73 518 257 4.04
f2064_33 105 810 739 3.82
f2065_28 96 1165 726 3.98
f2066_29 110 552 1040 4.87
f2067_38 45 65 370 5
f2068_36 105 390 44 1.7
f2069_42 58 1102 435 2.74
f2070_11 75 1085 510 4.43
f2071_28 114 868 991 2.25
f2072_32 105 453 315 4.27
f2073_06 114 111 183 2.47
f2074_03 89 1131 1065 3.9
f2075_09 101 925 331 3.26
f2076_31 109 69 394 2.33
f2077_16 61 212 866 1.18
f2078_03 105 791 231 4.14
f2079_27 115 522 540 4.5
f2080_34 66 697 289 1.17
f2081_42 105 1189 1154 4.03
f2082_26 109 847 818 2.65
f2083_33 105 161 847 4.41
f2084_07 104 456 173 3.46
f2085_02 111 950 0 2.74
f2086_25 105 77 134 4.06
f2087_13 100 928 367 2.09
f2088_14 108 67 844 4.78
f2089_25 93 399 981 4.66
f2090_00 86 969 235 3.9
f2091_28 110 372 818 3.13
f2092_41 113 967 1 2.64
f2093_26 107 1044 453 3.07
f2094_44 92 292 981 1.06
f2095_37 52 6 1033 2.47
f2096_00 106 69 1182 2.06
f2097_31 58 1035 1163 3.68
f2098_02 105 167 826 4.5
f2099_21 101 10 907 3.28
f2100_97 114 217 662 1.56
f2101_62 101 810 883 3.01
f2102_52 108 261 143 4.7
f2103_60 111 478 573 3.46
f2104_50 115 704 282 2.29
f2105_51 57 142 118 2.63
f2106_66 116 832 52 4.79
f2107_53 106 563 1090 2.16
f2108_54 88 125 205 2.24
f2109_65 104 165 36 1.26
f2110_56 117 593 93 3.52
f2111_87 113 452 490 3.29
f2112_65 117 1080 500 4.2
f2113_94 116 564 440 2.42
f2114_50 110 222 1101 4.78
f2115_77 105 990 563 1.27
f2116_72 110 714 762 3.6
f2117_54 95 1072 598 1.69
f2118_60 110 421 99 2.3
f2119_56 113 123 861 2.79
f2120_61 93 743 879 3.79
f2121_67 90 1065 1151 2.24
f2122_65 116 629 1191 2.14
f2123_63 112 375 506 3.06
f2124_66 93 455 934 2.69
f2125_64 111 960 878 1.56
f2126_57 101 441 694 3.25
f2127_59 105 351 300 3.07
f2128_52 100 610 1184 2.77
f2129_55 113 330 610 1.49
f2130_74 114 678 545 4.33
f2131_73 116 1078 1136 1.44
f2132_69 105 1049 725 2.78
f2133_68 96 350 212 4.21
f2134_58 100 426 168 4.27
f2135_53 113 77 320 1.27
f2136_68 80 1128 63 4.82
f2137_90 87 193 560 4.39
f2138_72 105 880 1152 2.5
f2139_75 82 516 647 2.27
f2140_77 108 819 845 2.27
f2141_85 109 155 1006 2.5
f2142_69 115 545 229 4.13
f2143_66 111 682 194 1.23
f2144_67 112 817 695 2.18
f2145_89 87 477 70 2.16
f2146_84 105 573 1011 3.88
f2147_79 114 1178 724 1.19
f2148_78 113 73 106 2.97
f2149_81 88 1026 175 1.65
f2150_52 105 189 1189 3.48
f2151_92 100 1166 587 2.13
f2152_98 89 963 614 3.3
f2153_90 78 864 639 1.87
f2154_77 103 758 278 3.92
f2155_59 108 381 878 3.87
f2156_56 112 945 950 2.12
f2157_61 105 731 855 3.31
f2158_68 78 1103 368 1.29
f2159_53 112 367 343 1.46
f2160_96 112 72 622 2.19
f2161_58 105 47 405 2.35
f2162_62 99 150 168 2.4
f2163_51 104 297 1188 2.77
f2164_60 115 798 785 1.73
f2165_54 100 551 612 3.26
f2166_63 116 1131 1165 3.41
f2167_65 105 25 1019 3.33
f2168_66 97 50 462 2.46
f2169_69 80 299 34 1.06
f2170_68 94 917 231 4.85
f2171_70 91 1041 377 2.19
f2172_67 114 187 627 1.58
f2173_74 110 653 552 3.01
f2174_61 106 889 111 2.12
f2175_59 94 516 1184 4.46
f2176_64 96 297 932 2.43
f2177_57 69 109 518 2.93
f2178_93 116 97 115 1.63
f2179_58 116 855 1079 2.77
f2180_96 111 104 253 2.62
f2181_63 112 440 1034 2.57
f2182_95 105 520 200 1.15
f2183_59 114 2 1000 3.52
f2184_98 113 837 946 2.7
f2185_57 115 392 867 1.21
f2186_55 110 536 913 2.71
f2187_54 87 804 373 4.68
f2188_71 113 583 732 4.47
f2189_50 110 527 815 3.74
f2190_52 114 219 323 3.23
f2191_53 116 354 116 1.11
f2192_56 104 448 846 4.82
f2193_99 114 262 433 4.81
f2194_63 111 273 652 2.96
f2195_64 105 1112 114 2.12
f2196_58 100 792 437 1.34
f2197_62 87 381 170 4.83
f2198_58 114 1058 676 4.42
f2199_64 80 265 576 1.02
f2200_55 108 1119 815 2.32
f2201_80 110 165 737 2.72
f2202_76 81 41 962 4.62
f2203_77 106 217 516 2.19
f2204_78 114 858 54 1.48
f2205_74 97 211 398 1.58
f2206_73 89 1179 144 1.36
f2207_75 93 878 400 2.64
f2208_81 102 792 494 2.21
f2209_79 107 581 506 3.9
f2210_96 112 1174 506 2.81
f2211_73 105 865 823 2.82
f2212_74 105 1188 17 3.15
f2213_72 116 1112 1027 3.99
f2214_70 117 930 1115 4.69
f2215_69 87 1047 415 4.59
f2216_66 112 992 1030 3.75
f2217_71 116 937 962 4.63
f2218_51 104 392 772 1.38
f2219_62 100 890 676 3.23
f2220_72 104 179 416 1.03
f2221_70 110 66 752 4.01
f2222_84 103 599 353 1
f2223_83 114 482 573 3.59
f2224_82 115 948 361 2.23
f2225_86 72 415 392 1.7
f2226_85 116 131 995 4.73
f2227_89 99 1148 482 3.02
f2228_87 111 821 648 2.36
f2229_88 97 508 144 2.68
f2230_67 94 200 397 1.42
f2231_55 106 246 1129 3.77
f2232_76 80 857 355 2.38
f2233_79 108 663 376 2.96
f2234_78 114 506 945 1.52
f2235_81 112 415 26 4.37
f2236_83 92 37 862 3.34
f2237_82 113 431 876 3.4
f2238_86 105 237 351 2.87
f2239_84 104 985 668 2.54
f2240_80 112 683 1161 2.13
f2241_88 106 1135 1161 4.61
f2242_91 114 357 484 4.65
f2243_87 98 275 282 4.34
f2244_94 106 685 522 3.07
f2245_95 111 802 149 4.01
f2246_93 104 928 554 4.17
f2247_97 91 216 650 4.52
f2248_68 87 760 981 2.33
f2249_75 87 227 533 2.89
f2250_52 105 256 184 2.86
f2251_74 87 283 327 1.33
f2252_75 106 72 1034 2.02
f2253_73 110 783 757 4.32
f2254_72 90 441 1031 4.27
f2255_70 116 284 675 2.66
f2256_71 103 853 178 3.72
f2257_69 106 1174 58 4.53
f2258_85 117 169 761 2.08
f2259_68 105 714 900 3.42
f2260_57 96 197 837 3.07
f2261_76 109 1059 916 2.6
f2262_83 104 345 980 3.89
f2263_79 114 712 95 4.34
f2264_82 110 328 587 3.2
f2265_80 103 97 492 2.08
f2266_81 102 177 822 2.64
f2267_78 93 1026 678 4.11
f2268_88 117 361 730 4.07
f2269_89 109 760 283 2.5
f2270_87 98 440 781 2.07
f2271_86 94 482 877 1.48
f2272_85 109 176 211 4.12
f2273_84 114 894 711 4.75
f2274_95 105 1143 1110 2.49
f2275_90 104 864 748 2.53
f2276_91 105 1074 1091 1.9
f2277_92 110 12 883 4.99
f2278_93 81 68 65 4.04
f2279_94 116 972 950 2.31
f2280_57 106 248 720 1.03
f2281_52 116 939 1058 2.29
f2282_53 96 1062 382 1.84
f2283_59 109 43 714 1.06
f2284_51 112 1054 497 3.7
f2285_54 106 960 606 2.39
f2286_50 99 1006 109 3.24
f2287_60 112 441 376 2.54
f2288_58 100 1116 222 2.22
f2289_62 114 120 537 3.39
f2290_64 114 655 429 1.93
f2291_65 116 1109 689 1.09
f2292_70 112 1130 390 1.03
f2293_68 104 9 380 1.53
f2294_71 113 1140 0 4.71
f2295_67 87 799 285 2.22
f2296_73 107 497 999 2.6
f2297_69 107 1039 564 1.79
f2298_74 112 840 361 4.4
f2299_91 107 443 1012 1.03
f2300_52 101 1029 392 4.73
f2301_65 112 826 1089 2.52
f2302_58 99 867 518 2.13
f2303_66 117 588 1161 3.78
f2304_67 93 143 505 3.93
f2305_60 117 1149 40 4.67
f2306_63 106 678 199 1.62
f2307_62 94 409 655 1.2
f2308_56 114 530 447 2.32
f2309_54 81 424 252 2.52
f2310_51 98 321 650 3.95
f2311_61 111 307 932 3.54
f2312_87 103 485 1129 1.46
f2313_55 111 609 1171 1.47
f2314_53 105 12 1132 4.62
f2315_59 109 66 561 4.75
f2316_50 98 909 1008 1.83
f2317_76 102 432 874 3.58
f2318_78 105 966 720 2.95
f2319_77 110 868 731 3.51
f2320_75 109 1091 919 4.46
f2321_84 104 244 983 2.06
f2322_80 117 717 626 2.73
f2323_81 112 213 764 3.5
f2324_84 108 1196 256 2
f2325_86 107 562 1184 3.84
f2326_83 117 1179 330 2.98
f2327_90 101 40 920 3.94
f2328_92 104 138 554 1.21
f2329_94 71 962 973 4.13
f2330_95 100 372 796 3.58
f2331_93 82 1091 989 2.69
f2332_97 113 123 539 2.34
f2333_98 109 932 616 2.52
f2334_99 101 993 950 3.11
f2335_52 114 341 909 2.17
f2336_99 114 805 1165 4.29
f2337_71 107 441 844 4.92
f2338_70 96 0 571 3.66
f2339_76 114 304 1099 3.62
f2340_80 116 1144 129 4.43
f2341_65 115 1077 1187 1.68
f2342_82 106 394 1121 2.23
f2343_83 114 579 777 3.82
f2344_86 59 1162 815 4.39
f2345_87 113 372 613 2.2
f2346_88 104 631 338 4.69
f2347_58 99 1190 769 4.2
f2348_56 109 1192 1122 4.49
f2349_78 81 1006 1183 1.13
f2350_98 107 906 495 2.42
f2351_74 114 496 97 4.18
f2352_97 104 570 564 3.32
f2353_70 114 372 1136 3.52
f2354_87 113 1055 734 4.28
f2355_85 113 550 347 3.72
f2356_86 107 946 151 3.81
f2357_70 104 959 704 4.64
f2358_71 111 293 860 4.42
f2359_72 102 784 969 3.66
f2360_75 107 1039 1 3.64
f2361_74 110 437 327 3.96
f2362_73 97 448 855 1.55
f2363_77 110 801 1034 1.49
f2364_65 95 208 743 1.29
f2365_62 109 556 47 4.13
f2366_64 94 569 41 4.35
f2367_63 93 284 1055 3
f2368_50 112 51 888 4.31
f2369_56 113 153 1177 1.11
f2370_67 112 1168 784 4.12
f2371_68 107 411 1099 2.2
f2372_55 104 182 87 4.7
f2373_53 96 187 731 4.06
f2374_59 114 555 412 4.2
f2375_61 114 548 895 4.53
f2376_57 115 222 1166 2.81
f2377_66 111 1035 783 1.24
f2378_69 111 281 681 2.53
f2379_68 103 1190 959 4.69
f2380_76 107 1096 356 4.57
f2381_54 96 1179 930 3.63
f2382_52 117 402 880 3.43
f2383_60 112 574 826 1.87
f2384_51 102 911 632 4.35
f2385_83 101 1072 442 2.52
f2386_82 111 956 789 3.89
f2387_81 105 1035 285 3.23
f2388_79 110 967 106 3.69
f2389_86 109 1053 240 3.31
f2390_87 99 1188 608 3.89
f2391_85 110 209 774 2.8
f2392_80 114 1159 1200 1.6
f2393_90 113 697 629 4.36
f2394_84 113 27 185 4.66
f2395_78 104 264 312 4.16
f2396_91 109 371 1177 2.04
f2397_92 109 336 209 1.48
f2398_51 107 498 635 1.66
f2399_85 105 561 769 3.41
f2400_61 85 908 839 1.69
f2401_78 112 738 612 2.75
f2402_75 116 304 615 2.68
f2403_71 99 789 973 3.93
f2404_70 107 537 1080 2.3
f2405_90 105 325 521 2.5
f2406_72 121 814 649 2.9
f2407_74 107 280 987 5
f2408_73 106 867 1162 4.86
f2409_51 112 973 209 2.18
f2410_85 104 836 1183 2.1
f2411_88 109 295 510 3.43
f2412_86 110 639 28 1.72
f2413_87 114 671 486 3.41
f2414_89 116 666 371 2.44
f2415_79 99 385 52 4.78
f2416_80 104 1168 986 3.99
f2417_81 110 864 744 4.54
f2418_82 107 491 61 4.73
f2419_83 111 372 829 3.53
f2420_84 117 302 293 3.15
f2421_86 67 891 750 1.19
f2422_85 92 1167 659 2.35
f2423_88 113 848 353 1.19
f2424_90 105 283 737 4.65
f2425_91 115 482 738 2.47
f2426_87 95 81 118 1.59
f2427_89 107 1012 593 4
f2428_96 111 338 952 2.64
f2429_95 113 874 1013 1.18
f2430_92 114 1040 231 2.08
f2431_93 93 17 1051 1.62
f2432_94 114 441 989 4.76
f2433_75 105 540 798 3.48
f2434_59 102 180 286 1.33
f2435_57 99 1158 703 3.48
f2436_53 98 1027 805 3.63
f2437_50 107 1048 282 2.01
f2438_76 105 1109 627 3.75
f2439_77 89 884 752 2.28
f2440_79 99 948 623 1.26
f2441_83 96 1076 554 4.04
f2442_81 106 912 1050 1.19
f2443_80 62 720 693 2.75
f2444_84 105 1111 115 4.25
f2445_82 105 970 244 3.83
f2446_88 115 39 695 3.74
f2447_93 106 201 239 2.32
f2448_94 115 26 654 1.67
f2449_96 80 1024 694 2.14
f2450_56 104 38 704 1.5
f2451_68 105 986 255 1.42
f2452_69 96 320 805 4.38
f2453_70 109 882 939 4.47
f2454_73 114 793 534 1.35
f2455_72 111 341 259 4.47
f2456_71 94 1138 175 3.6
f2457_97 114 759 984 3.46
f2458_53 111 36 849 1.07
f2459_55 110 740 463 4.52
f2460_52 105 1028 636 2.54
f2461_99 111 363 302 2.49
f2462_98 112 1121 221 2.95
f2463_79 103 1183 301 4.57
f2464_74 100 1001 976 3.34
f2465_75 117 332 629 3.82
f2466_76 106 199 282 3.12
f2467_77 114 1060 815 3.45
f2468_78 110 979 36 1.92
f2469_50 109 36 59 3.89
f2470_80 116 425 1131 1.13
f2471_82 109 848 746 3.39
f2472_83 92 729 606 3.82
f2473_81 116 976 719 1.15
f2474_84 117 255 637 3.83
f2475_66 107 490 397 2.27
f2476_67 114 201 386 4.01
f2477_69 117 218 956 4.86
f2478_68 84 642 531 3.02
f2479_65 112 1054 897 1.49
f2480_61 93 232 848 3.73
f2481_58 112 153 270 1.95
f2482_62 108 398 174 4.68
f2483_64 108 1184 164 1.95
f2484_76 111 994 1169 4.63
f2485_77 113 181 1195 1.76
f2486_95 90 798 859 4.65
f2487_92 77 460 182 2.14
f2488_90 104 279 969 3.13
f2489_89 88 945 134 4.18
f2490_91 106 1111 24 3.11
f2491_71 88 1157 338 3.7
f2492_72 105 485 484 4.63
f2493_99 108 246 100 4.64
f2494_73 113 875 82 4.2
f2495_59 112 51 357 4.43
f2496_56 112 1029 522 4.39
f2497_54 115 734 1036 3.13
f2498_75 112 753 1076 5
f2499_74 97 1177 381 2.61
f2500_50 96 117 891 3.99
f2501_53 114 973 323 3.36
f2502_59 104 219 127 1.16
f2503_57 110 381 142 4.25
f2504_69 57 548 1010 3.92
f2505_79 96 1022 693 3.26
f2506_77 99 34 210 2
f2507_78 106 1120 340 4.97
f2508_71 111 165 1106 3.24
f2509_53 109 587 166 4.48
f2510_55 111 610 623 3.94
f2511_52 114 845 880 2.3
f2512_54 111 499 449 4.63
f2513_56 116 462 1178 4.71
f2514_50 114 649 204 3.36
f2515_57 111 275 35 1.86
f2516_59 106 1057 706 3.78
f2517_63 110 535 930 4.38
f2518_67 111 426 303 3.89
f2519_67 111 1080 762 2.91
f2520_64 114 691 687 2.75
f2521_66 105 910 944 3.36
f2522_61 113 281 1091 2.55
f2523_65 111 923 1109 4.14
f2524_58 82 82 154 3.82
f2525_62 111 1118 441 2.82
f2526_71 108 821 808 2.23
f2527_72 114 1155 101 3.53
f2528_69 108 1041 1101 3.56
f2529_70 108 204 140 3.23
f2530_91 114 532 410 2.72
f2531_92 108 956 625 2.56
f2532_93 116 986 212 2.02
f2533_94 103 655 1105 4.96
f2534_96 113 619 443 1.77
f2535_60 108 123 1112 1.91
f2536_59 114 1177 304 4.71
f2537_57 112 1060 989 1.9
f2538_60 116 0 167 1.91
f2539_96 107 848 279 4.8
f2540_95 116 340 745 1.8
f2541_99 114 1038 953 1.72
f2542_55 106 938 754 3.69
f2543_98 111 295 661 1.39
f2544_53 105 622 449 1.62
f2545_52 107 928 230 3.54
f2546_62 106 250 106 3.74
f2547_96 114 231 411 4.92
f2548_84 112 429 442 3.84
f2549_82 79 1200 685 2.4
f2550_79 101 890 1181 3.99
f2551_80 112 469 406 4.93
f2552_82 103 332 879 3.76
f2553_92 87 1058 733 2.02
f2554_55 103 1200 943 2.04
f2555_88 114 73 783 2.34
f2556_97 101 1062 1101 1.36
f2557_98 112 883 1037 1.89
f2558_96 96 366 21 3.62
f2559_95 73 490 468 3.21
f2560_93 106 118 982 1.28
f2561_89 116 523 790 3.09
f2562_90 113 765 64 4.69
f2563_91 106 1176 150 3.74
f2564_59 93 1063 636 2.31
f2565_57 98 874 764 3.77
f2566_51 114 411 699 2.46
f2567_60 103 598 915 3.6
f2568_54 113 541 682 2.7
f2569_58 114 567 905 2.07
f2570_52 114 585 1025 4.99
f2571_62 107 202 759 1.1
f2572_63 111 476 1113 3.48
f2573_61 114 327 551 1.9
f2574_64 107 389 955 1.49
f2575_67 87 658 77 3.05
f2576_66 114 191 553 3.66
f2577_65 115 667 1178 1.94
f2578_68 114 449 102 3.5
f2579_76 113 328 1135 1.52
f2580_69 109 274 98 4.62
f2581_72 117 391 958 4.12
f2582_70 111 1022 1027 1.96
f2583_71 85 337 1014 1.49
f2584_73 116 10 853 1.71
f2585_74 106 1190 844 2.64
f2586_75 111 619 758 2.59
f2587_73 106 623 395 4.95
f2588_72 102 352 915 3.82
f2589_78 82 769 1200 2.03
f2590_60 104 647 970 3.41
f2591_70 116 1120 1169 4.55
f2592_71 87 104 1040 2.06
f2593_72 105 335 258 2.84
f2594_90 115 823 792 4.8
f2595_89 112 362 106 1.69
f2596_86 114 629 183 2.22
f2597_88 107 771 12 3.11
f2598_92 94 45 1068 4.96
f2599_91 87 1167 204 3.47
f3100_44 109 462 145 1.76
f3101_07 113 731 699 2.59
f3102_36 113 759 784 1.14
f3103_38 116 394 875 2.74
f3104_25 104 813 1080 1.19
f3105_03 103 354 886 1.15
f3106_05 115 315 605 3.74
f3107_16 109 1193 29 3.63
f3108_34 115 694 1161 2.95
f3109_30 112 298 527 3
f3110_25 116 688 5 1.13
f3111_05 116 316 730 4.67
f3112_45 100 727 1072 1.98
f3113_40 105 1089 621 2.04
f3114_13 102 151 19 1.71
f3115_25 110 925 614 2.41
f3116_03 100 492 821 2.65
f3117_11 116 366 37 3.18
f3118_09 115 659 1035 3.92
f3119_39 102 1166 80 4.35
f3120_04 111 310 871 3.18
f3121_43 106 318 4 4.09
f3122_40 111 544 836 4.48
f3123_42 116 327 374 4.69
f3124_21 114 1102 663 4.71
f3125_02 105 215 719 3.31
f3126_20 114 425 255 1.65
f3127_16 114 1186 134 4.48
f3128_15 114 1106 1123 3.8
f3129_16 101 16 238 3.72
f3130_44 111 190 350 3.93
f3131_11 107 1084 152 3.81
f3132_12 113 1082 512 1.02
f3133_33 116 803 1043 2.56
f3134_27 113 1145 986 4.8
f3135_37 117 212 235 1.46
f3136_07 116 1002 194 4.82
f3137_47 115 374 1064 3.06
f3138_46 114 148 855 3.56
f3139_09 111 864 555 3.2
f3140_49 109 808 806 3.56
f3141_36 112 137 849 1.23
f3142_38 114 690 915 4.34
f3143_04 115 924 642 3.21
f3144_39 114 232 58 4.23
f3145_38 114 1087 131 3.9
f3146_14 101 868 430 1.62
f3147_41 114 154 25 3.59
f3148_21 106 620 703 4.85
f3149_41 93 200 898 4.03
f3150_21 114 839 1086 1.02
f3151_13 106 576 53 1.44
f3152_47 114 117 285 4.61
f3153_49 114 133 66 3.27
f3154_48 106 1024 613 1.72
f3155_15 115 891 624 2.6
f3156_26 117 435 228 2.19
f3157_23 106 381 735 3.09
f3158_03 112 123 1182 1.77
f3159_16 113 1056 35 1.89
f3160_19 111 982 948 2.71
f3161_02 111 404 612 2.08
f3162_20 117 20 1054 4.26
f3163_24 116 196 740 4.75
f3164_09 114 628 672 1.54
f3165_11 118 387 585 2.34
f3166_12 109 278 949 4.65
f3167_45 100 1152 1113 4.07
f3168_20 113 800 176 3.72
f3169_14 116 83 392 4.39
f3170_08 111 975 384 3.01
f3171_30 114 410 500 2.06
f3172_42 94 784 137 1.97
f3173_48 107 961 977 4.13
f3175_03 96 885 339 1.41
f3176_15 107 91 510 4.89
f3177_03 115 663 337 2.97
f3178_23 110 311 844 4.37
f3179_39 104 239 879 2.78
f3180_41 82 982 968 3.32
f3181_10 97 285 737 2.24
f3182_40 103 397 50 1.4
f3183_15 115 455 867 2.14
f3184_11 113 91 341 4.63
f3185_38 113 690 560 1.58
f3186_24 107 314 981 2.58
f3187_33 113 281 131 1.95
f3188_47 108 1113 203 2.98
f3189_40 104 606 853 4.85
f3190_08 108 480 853 2.45
f3191_43 105 188 871 3.99
f3192_37 113 1010 1069 2.02
f3193_08 116 1151 1023 1.81
f3194_31 116 6 999 4.83
f3195_04 107 558 727 2.02
f3196_35 116 187 482 1.32
f3197_34 114 678 879 4.69
f3198_32 114 621 712 2.22
f3199_08 116 912 1024 3.02
f3200_41 112 816 871 2.05
f3201_07 108 581 910 4.41
f3202_01 101 581 991 1.73
f3203_10 113 1181 1062 1.54
f3204_15 103 494 1182 2.05
f3205_40 107 421 997 2.18
f3206_45 105 774 451 3.84
f3207_05 112 128 200 2.32
f3208_06 106 911 643 4.06
f3209_08 116 179 611 1.35
f3210_22 117 953 3 4.38
f3211_20 109 212 9 4.06
f3212_36 116 787 80 3.84
f3213_04 116 266 718 4.46
f3214_03 114 708 6 2.45
f3215_34 114 1012 1084 1.19
f3216_33 108 458 4 4.87
f3217_28 114 193 301 4.75
f3218_23 114 81 22 4.32
f3219_49 115 623 17 4.24
f3220_48 113 24 1172 3.18
f3221_05 105 203 999 4.29
f3222_24 106 670 608 4.56
f3223_18 97 114 634 3.92
f3224_05 104 408 338 3.29
f3225_26 114 864 140 4.92
f3226_21 99 195 687 1.04
f3227_14 116 725 416 4.8
f3228_48 114 978 399 4.05
f3229_48 113 789 362 4.62
f3230_21 116 296 339 4.11
f3231_19 106 966 328 3.42
f3232_11 108 955 404 3.1
f3233_02 102 1039 552 1.17
f3234_23 113 464 835 4.12
f3235_00 107 124 1019 2.31
f3236_26 105 154 990 2.1
f3237_27 96 918 199 4.68
f3238_40 114 356 855 3.39
f3239_36 106 811 683 3.08
f3240_48 70 1073 529 2.57
f3241_49 114 1087 397 4.35
f3242_19 98 493 1199 2.83
f3243_44 117 329 327 3.36
f3244_38 103 471 75 4.23
f3245_09 106 689 291 4.75
f3246_06 108 194 675 2.56
f3247_40 114 928 850 3.63
f3248_19 117 47 329 3.03
f3249_21 118 763 9 1.22
f3250_14 114 577 727 2.06
f3251_33 107 785 349 4.34
f3252_32 115 436 644 2.93
f3253_11 116 274 656 1.19
f3254_32 78 686 645 2.1
f3255_43 96 1176 553 2.15
f3256_38 106 801 166 3.08
f3257_17 105 164 167 4.84
f3258_46 111 106 671 2.44
f3259_15 114 245 428 2.99
f3260_09 111 43 635 4.97
f3261_00 114 818 99 2.08
f3262_45 87 478 308 1.89
f3263_08 114 1080 1098 4.49
f3264_06 114 595 564 4.21
f3265_08 116 1013 794 4.64
f3266_12 111 296 1 3.34
f3267_41 109 196 866 1.63
f3268_37 110 1122 376 3.69
f3269_06 85 959 491 1.63
f3270_11 105 820 744 4.65
f3271_09 110 606 485 1.41
f3272_48 104 676 943 2.55
f3273_45 110 728 1183 1.1
f3274_27 117 480 85 3.32
f3275_40 116 414 418 4.12
f3276_49 116 167 257 2.99
f3277_09 112 838 622 2.22
f3278_33 96 311 719 4.8
f3279_28 115 393 668 3.56
f3280_34 114 814 87 3.52
f3281_27 112 879 1061 2.13
f3282_28 105 602 43 1.53
f3283_17 116 892 1082 2.96
f3284_38 103 124 644 2.53
f3285_15 114 25 6 2.03
f3286_40 114 769 704 2.11
f3287_41 105 710 162 3.28
f3288_23 116 32 42 1.22
f3289_18 115 707 1038 2.42
f3290_01 117 777 132 4.38
f3291_47 90 379 510 3.41
f3292_31 108 970 1172 4.87
f3293_30 105 673 552 3.39
f3294_06 114 63 764 1.77
f3295_35 105 672 603 2.62
f3296_35 64 789 116 2.08
f3297_22 110 389 1 4.46
f3298_12 112 290 742 2.03
f3299_12 114 186 437 1.38
f3300_25 114 317 1035 1.24
f3301_38 96 227 49 4.71
f3302_29 114 269 160 1.71
f3303_31 114 1015 534 4.83
f3304_23 117 595 684 3.56
f3305_28 116 981 773 4.51
f3306_39 110 19 1132 4.26
f3307_33 104 862 539 4.82
f3308_03 104 1097 838 1.58
f3309_37 111 358 937 1.55
f3310_44 109 284 486 3.37
f3311_03 106 1058 542 1.86
f3312_28 100 231 41 1.44
f3313_11 107 989 553 2.68
f3314_25 108 35 230 2.36
f3315_23 101 668 139 3.19
f3316_22 106 235 65 1.96
f3317_25 102 157 624 4.57
f3318_25 112 288 67 1.2
f3319_48 102 320 688 4.12
f3320_18 111 54 609 1.37
f3321_36 117 927 951 3.39
f3322_40 116 431 149 2.84
f3323_10 111 697 1081 2.72
f3324_05 114 657 716 4.91
f3325_08 114 703 1041 3.83
f3326_06 108 947 479 3.89
f3327_11 117 109 306 2.95
f3328_45 117 687 716 1.35
f3329_30 114 955 133 1.38
f3330_43 114 272 658 1.28
f3331_20 114 320 406 4.22
f3332_19 113 688 318 4.46
f3333_15 119 1113 1001 3.9
f3334_16 97 219 318 1.51
f3335_15 115 1152 923 3.79
f3336_15 105 1147 937 2.08
f3337_21 117 541 417 2.64
f3338_15 102 484 410 1.87
f3339_15 95 203 502 4.08
f3340_15 101 199 851 4.78
f3341_29 115 427 1001 1.14
f3342_24 117 256 1014 1.86
f3343_18 114 569 795 4.59
f3344_26 107 774 1107 1.32
f3345_12 113 617 815 2.05
f3346_12 106 706 614 3.11
f3347_47 115 24 529 2.38
f3348_00 107 106 505 3.58
f3349_22 109 901 1020 1.91
f3350_11 96 444 371 1.82
f3351_27 116 104 205 2.61
f3352_39 113 499 95 2.12
f3353_33 100 187 1171 1.81
f3354_29 115 399 1021 4.87
f3355_36 115 88 920 4.85
f3356_11 117 794 135 1.54
f3357_06 109 64 1180 2.56
f3358_28 105 327 840 1.68
f3359_42 109 1109 304 2.33
f3360_00 114 413 892 1.89
f3361_17 114 1108 801 2.99
f3362_03 114 956 341 3.24
f3363_42 89 484 568 1.32
f3364_36 114 978 955 4.69
f3365_46 116 884 1005 3.93
f3366_32 115 729 419 3.73
f3367_07 114 108 49 4.48
f3368_37 108 870 747 2.47
f3369_37 114 262 1137 3.75
f3370_37 114 222 221 4.16
f3371_34 116 28 114 4.65
f3372_23 111 272 981 2.99
f3373_36 114 198 519 3.65
f3374_38 112 1101 1168 3.95
f3375_30 116 62 117 1.46
f3376_29 116 11 804 2.35
f3377_11 89 889 1138 3.81
f3378_44 113 25 857 2.8
f3379_03 117 1122 1172 4.28
f3380_04 111 368 611 4.01
f3381_42 90 891 727 1.67
f3382_25 114 1159 633 2.52
f3383_24 117 953 1132 2.72
f3384_26 96 204 1000 4.25
f3385_08 108 285 35 4.47
f3386_27 115 474 187 1.09
f3387_42 112 328 892 1.1
f3388_36 110 1144 346 1.5
f3389_44 116 163 1065 1.94
f3390_07 114 420 1061 3.71
f3391_40 116 583 493 1.9
f3392_06 116 587 1132 1.52
f3393_08 106 804 1166 2.64
f3394_37 115 359 855 4.55
f3395_44 116 130 758 3.22
f3396_07 113 193 1019 3.37
f3397_12 114 201 811 1.92
f3398_06 109 89 594 4.98
f3399_09 107 564 962 3.23
f3400_08 114 1017 465 1.63
f3401_42 117 688 737 2.94
f3402_08 115 636 74 1.14
f3403_48 106 1008 135 4.15
f3404_40 116 803 1175 2.63
f3405_07 113 543 241 1.84
f3406_49 114 740 1151 3.81
f3407_40 110 307 422 4.04
f3408_47 107 479 1085 4.12
f3409_20 106 338 1061 3.13
f3410_19 112 602 396 4.43
f3411_09 114 540 692 2.42
f3412_27 103 1127 1186 2.71
f3413_34 103 1099 805 3.55
f3414_29 113 712 593 2.96
f3415_33 115 842 128 1.01
f3416_28 117 102 531 1.51
f3417_01 110 849 929 3.2
f3418_34 99 692 142 3.53
f3419_33 115 817 131 3.46
f3420_27 115 792 1046 3.05
f3421_31 114 21 751 3.32
f3422_32 107 927 762 1.95
f3423_29 105 751 640 4.73
f3424_24 101 1141 2 1.94
f3425_47 110 966 446 3.26
f3426_23 96 282 428 2.88
f3427_21 117 525 294 4.55
f3428_02 113 9 424 4.44
f3429_41 116 611 1195 1.71
f3430_38 117 82 1188 1.4
f3431_32 116 348 315 3.59
f3432_38 108 1145 1004 4.62
f3433_10 109 655 867 3.56
f3434_00 116 733 208 2.78
f3435_24 105 1189 256 1.25
f3436_22 107 865 118 1.59
f3437_17 116 735 888 1.04
f3438_08 114 1022 1061 1.06
f3439_44 115 284 968 4.44
f3440_33 113 825 1143 3.41
f3441_24 116 883 1118 3.3
f3442_00 108 891 1071 1.81
f3443_42 109 622 926 4.89
f3444_07 116 959 22 4.31
f3445_01 117 1198 682 4.15
f3446_10 114 1122 638 2.11
f3447_20 114 515 415 3.11
f3448_15 107 989 485 2.27
f3449_11 114 989 1056 3.22
f3450_19 116 1050 364 3.45
f3451_01 92 584 34 4.39
f3452_13 109 131 1145 3.26
f3453_15 114 679 1102 2.25
f3454_44 115 908 609 3.82
f3455_32 109 978 522 2.25
f3456_33 118 544 6 4.61
f3457_40 99 342 1072 4.04
f3458_26 116 1162 887 2.73
f3459_46 116 507 891 4.65
f3460_47 115 507 544 4.38
f3461_23 117 137 376 1.96
f3462_15 113 886 665 3.78
f3463_16 106 1001 640 4.53
f3464_12 108 601 1042 1.8
f3465_24 114 447 99 4.29
f3466_22 114 79 1066 2.43
f3467_12 109 268 751 1.63
f3468_13 114 213 1115 2.05
f3469_10 111 936 578 2.68
f3470_24 110 786 19 3.7
f3471_02 105 1017 1019 4.13
f3472_19 87 198 974 1.21
f3473_21 113 6 274 2.56
f3474_05 110 700 319 2.83
f3475_09 113 181 781 3.48
f3476_46 110 130 302 2.16
f3477_45 113 1067 573 4.04
f3478_49 114 706 418 3.7
f3479_08 114 1043 1152 1.03
f3480_48 116 640 598 3.28
f3481_39 111 678 704 1.69
f3482_33 108 141 612 2.92
f3483_16 114 693 911 3.15
f3484_17 109 346 56 1.74
f3485_45 110 383 1027 2.69
f3486_00 114 464 598 4.57
f3487_02 108 509 1055 4.61
f3488_35 112 1004 1043 4.67
f3489_38 96 361 1179 3.35
f3490_39 101 664 703 3.5
f3491_31 116 1084 978 3.94
f3492_35 112 770 751 2.72
f3493_27 119 202 247 3.36
f3494_34 116 630 55 2.93
f3495_01 118 132 821 4.99
f3496_38 104 998 678 3.17
f3497_42 108 745 127 4.99
f3498_04 113 510 691 3.89
f3499_36 109 722 11 2.13
f3500_08 112 1130 1020 3
f3501_06 114 916 475 4.51
f3502_45 115 397 726 1.47
f3503_07 116 1160 462 4.79
f3504_46 114 163 15 4.73
f3505_39 115 1001 742 2.98
f3506_22 107 1080 721 4.33
f3507_42 109 344 279 2.42
f3508_31 114 299 907 2.56
f3509_42 99 276 744 2.99
f3510_43 114 748 713 4.77
f3511_46 108 551 619 1.52
f3512_31 90 774 662 2.32
f3513_47 117 508 831 2.5
f3514_20 113 144 4 2.21
f3515_26 94 96 45 2.63
f3516_45 112 432 851 4.11
f3517_27 102 361 1032 2.92
f3518_46 117 874 39 1.76
f3519_18 90 422 429 2.35
f3520_45 116 341 285 1.79
f3521_09 99 940 37 2.61
f3522_46 116 494 1015 3.7
f3523_31 107 819 988 1.17
f3524_43 114 304 946 2.09
f3525_29 104 273 766 1.83
f3526_34 109 865 596 2.99
f3527_33 117 1173 471 2.93
f3528_35 111 193 883 2.24
f3529_11 113 525 700 1.45
f3530_32 111 1060 452 2.64
f3531_27 105 534 665 4.65
f3532_39 115 686 1175 1.67
f3533_31 114 18 452 4.58
f3534_47 104 168 752 3.51
f3535_09 110 332 609 2.52
f3536_49 107 1042 761 1.28
f3537_23 92 183 445 4.49
f3538_29 89 712 1186 1.59
f3539_44 114 783 1102 3.77
f3540_36 108 158 946 1.76
f3541_02 111 287 258 3.62
f3542_00 109 108 1104 4.45
f3543_29 116 1197 796 2.29
f3544_20 105 710 276 2.17
f3545_06 105 784 94 4.56
f3546_36 114 1138 694 3.36
f3547_04 105 994 906 4.19
f3548_40 114 1099 716 2.21
f3549_47 114 82 437 3.23
f3550_07 99 899 880 4.51
f3551_12 92 1090 912 2.74
f3552_12 117 62 1044 2.32
f3553_12 111 1006 134 2.13
f3554_18 109 1141 141 2.43
f3555_14 114 1065 700 2.81
f3556_19 91 818 1045 2.87
f3557_12 107 1022 778 1.32
f3558_12 110 1199 1139 4.68
f3559_23 110 587 323 4.09
f3560_17 114 115 113 2.47
f3561_09 109 515 931 3.44
f3562_47 103 219 254 2.82
f3563_46 113 884 279 1.17
f3564_08 111 877 571 4.3
f3565_45 97 337 715 4.68
f3566_36 102 1148 273 2.85
f3567_49 110 83 706 4.07
f3568_48 109 779 234 2.55
f3569_18 112 234 87 3.04
f3570_15 106 896 140 4.25
f3571_20 102 894 184 2.96
f3572_03 110 553 603 2.13
f3573_02 89 241 1184 4.4
f3574_30 113 264 709 3.74
f3575_04 104 983 638 2.6
f3576_04 117 461 973 4.01
f3577_03 114 277 464 1.32
f3578_27 116 948 796 1.29
f3579_30 116 983 802 1.42
f3580_22 116 321 687 2.3
f3581_23 115 1036 34 1.25
f3582_25 114 898 215 3.67
f3583_09 116 987 1199 3.9
f3584_47 109 906 338 1.32
f3585_49 116 1190 715 4.57
f3586_05 108 214 28 1.61
f3587_27 114 49 158 2.1
f3588_33 114 968 1141 2.49
f3589_24 115 566 1172 2.39
f3590_03 114 109 858 4.41
f3591_14 109 863 790 4.72
f3592_19 110 502 931 1.1
f3593_26 115 795 71 2.32
f3594_23 108 480 807 2.5
f3595_18 91 698 567 2.27
f3596_19 105 315 354 1.75
f3597_18 114 350 647 1.65
f3598_35 116 224 185 2.29
f3599_19 100 854 794 4.3
f3600_46 113 591 389 4.36
f3601_49 110 370 316 2.22
f3602_12 102 706 723 3.4
f3603_14 112 453 291 2.78
f3604_21 106 428 206 4.63
f3605_17 116 1087 864 1.43
f3606_19 77 122 138 2.33
f3607_15 96 233 954 4.15
f3608_13 116 1083 459 1.74
f3609_24 118 908 505 2.81
f3610_45 114 607 1067 2.63
f3611_14 116 1056 21 3.42
f3612_13 114 1012 610 4.04
f3613_20 93 119 586 4.45
f3614_06 114 332 1112 2.63
f3615_49 117 46 1157 2.48
f3616_07 105 255 527 1.3
f3617_43 105 992 1152 2.12
f3618_26 113 356 1129 4.79
f3619_19 97 1130 1028 3.62
f3620_07 106 1189 155 4.65
f3621_14 116 1178 718 4.67
f3622_43 109 978 526 2.55
f3623_42 94 955 762 2.77
f3624_44 109 1033 920 4.35
f3625_17 107 453 172 1.07
f3626_35 116 447 926 2.1
f3627_46 114 489 576 3.85
f3628_27 110 738 92 4.73
f3629_19 110 1054 1035 3.95
f3630_14 105 41 163 2.96
f3631_34 111 426 146 2.18
f3632_10 113 291 684 4.5
f3633_29 114 977 917 1.09
f3634_16 111 901 431 2.78
f3635_09 98 685 769 3.11
f3636_24 94 972 19 3.94
f3637_45 109 1101 144 1.9
f3638_42 113 98 1092 4.46
f3639_43 116 537 47 4.2
f3640_13 101 363 382 2
f3641_13 112 537 698 2.01
f3642_03 64 948 1026 2.03
f3643_29 109 614 161 2.51
f3644_26 110 535 792 2.27
f3645_14 101 718 1017 3.38
f3646_15 105 161 933 2.75
f3647_13 105 732 452 1.54
f3648_17 113 220 1151 3.55
f3649_28 117 153 958 1.39
f3650_20 114 741 725 1.42
f3651_18 112 1134 112 4.55
f3652_48 110 769 765 1.85
f3653_40 97 1064 822 1.51
f3654_03 113 290 310 2.74
f3655_18 106 479 783 2.93
f3656_42 100 296 652 4.37
f3657_40 111 353 507 4.95
f3658_27 103 874 601 1.68
f3659_25 105 1074 935 3.77
f3660_26 97 709 492 3.31
f3661_19 115 394 208 3.88
f3662_24 116 308 694 2.07
f3663_13 110 738 340 1.11
f3664_18 98 461 838 2.25
f3665_22 110 596 889 3.87
f3666_48 103 287 372 3.73
f3667_35 117 211 251 2.71
f3668_33 115 1080 50 4.58
f3669_35 114 515 413 4.34
f3670_40 108 437 477 2.4
f3671_04 103 749 542 2.58
f3672_20 114 401 477 1.18
f3673_48 114 148 503 3.35
f3674_32 114 1060 1061 1.98
f3675_24 113 1119 1146 4.93
f3676_37 112 734 582 3.01
f3677_29 113 162 392 3.39
f3678_17 116 804 620 4.97
f3679_06 112 1043 655 4.88
f3680_36 116 142 698 4.47
f3681_31 105 397 370 2.37
f3682_45 114 825 385 3.4
f3683_06 113 210 509 1.67
f3684_46 116 517 884 4.94
f3685_08 116 863 214 1.11
f3686_49 117 1093 296 3.67
f3687_48 111 822 1042 2.75
f3688_07 107 363 178 3.59
f3689_09 106 1103 187 2.34
f3690_41 105 143 141 4.57
f3691_47 96 625 1188 2.77
f3692_49 117 754 70 1.87
f3693_03 102 52 809 4.09
f3694_44 101 829 924 2.28
f3695_42 115 510 895 1.69
f3696_44 51 276 1106 1.12
f3697_32 114 481 441 1.03
f3698_01 107 567 923 4.15
f3699_41 104 636 506 4.66
f3700_25 114 96 340 4.89
f3701_44 112 440 547 3.29
f3702_47 109 1187 1005 4.51
f3703_10 101 816 1027 4.95
f3704_45 49 1153 160 1.7
f3705_48 94 481 893 4.01
f3706_37 116 874 664 3.57
f3707_32 112 1007 223 3.77
f3708_28 116 333 818 1.49
f3709_31 113 1007 771 3.44
f3710_43 114 957 339 1.05
f3711_08 103 677 1147 2.51
f3712_14 116 718 862 1.83
f3713_40 113 299 407 4.38
f3714_05 105 686 534 4.15
f3715_44 91 1067 1111 3.58
f3716_43 115 105 1110 3.14
f3717_48 115 1158 1009 2.15
f3718_40 114 388 186 4.31
f3719_06 112 624 520 2.8
f3720_15 71 606 297 4.11
f3721_04 114 1062 1188 4.71
f3722_39 117 225 928 3.4
f3723_03 115 153 297 2.75
f3724_32 107 216 373 2.51
f3725_39 107 1154 393 3.76
f3726_09 93 546 349 2.16
f3727_12 105 991 1043 4.24
f3728_28 108 293 792 1.5
f3729_27 115 406 1179 1.13
f3730_33 110 361 929 3.24
f3731_07 95 802 1110 4.69
f3732_30 113 1016 77 1.35
f3733_48 115 1146 826 4.99
f3734_01 113 13 29 3.69
f3735_09 110 1143 570 3.6
f3736_09 114 598 478 4.52
f3737_46 109 983 1088 3.72
f3738_16 108 649 622 2.93
f3739_34 105 218 503 1.91
f3740_01 102 397 712 2.18
f3741_12 98 422 1049 3.45
f3742_12 93 380 603 4.86
f3743_12 109 1068 530 4.2
f3744_12 113 507 1135 2.96
f3745_12 107 686 1098 3.36
f3746_12 112 715 59 2.47
f3747_12 63 563 253 2.68
f3748_29 111 1184 777 4.18
f3749_27 117 762 457 1.18
f3750_00 114 141 416 1.81
f3751_39 114 631 608 2.55
f3752_35 116 668 1158 2.59
f3753_43 113 271 1193 1.65
f3754_42 115 586 913 4.11
f3755_33 107 631 917 1.32
f3756_06 116 144 139 4.72
f3757_19 115 468 382 2.91
f3758_19 113 1094 1027 1.61
f3759_43 106 106 1046 1.99
f3760_06 93 7 912 3.82
f3761_12 105 377 336 4.88
f3762_40 101 327 829 3.45
f3763_41 105 319 506 3.11
f3764_37 115 590 1052 1.8
f3765_44 115 221 820 4.76
f3766_48 105 324 419 3.34
f3767_45 109 120 393 1.33
f3768_02 113 493 810 4.48
f3769_10 105 198 630 3.6
f3770_21 105 651 526 2.23
f3771_15 116 695 719 3.84
f3772_10 116 1115 171 2.68
f3773_14 114 1190 614 1.23
f3774_21 107 597 788 3.9
f3775_12 113 466 724 4.49
f3776_05 105 490 817 2.18
f3777_32 114 1109 255 1.19
f3778_23 106 596 152 3.85
f3779_49 115 1125 148 4.95
f3780_30 113 695 489 2.62
f3781_28 109 437 192 2.57
f3782_00 114 577 448 3.77
f3783_47 116 1112 466 2.6
f3784_14 86 28 195 3
f3785_26 97 417 156 2.26
f3786_04 107 1074 260 3
f3787_15 114 405 828 1.8
f3788_14 109 82 495 2.28
f3789_16 112 433 828 2.14
f3790_48 117 650 250 1.35
f3791_09 107 142 873 4.56
f3792_21 100 506 861 2.89
f3793_06 96 1166 262 3.14
f3794_17 94 512 1072 2.11
f3795_00 104 101 247 4.83
f3796_14 91 1024 665 1.62
f3797_07 70 10 802 1.23
f3798_08 106 30 56 4.65
f3799_11 111 717 668 2.47
f3800_17 95 607 813 1.75
f3801_00 114 959 688 3.4
f3802_05 101 887 883 1.74
f3803_39 104 261 946 3.41
f3804_08 112 452 441 3.35
f3805_07 113 599 1073 1.52
f3806_01 106 130 241 4.95
f3807_11 116 1121 36 2.74
f3808_45 106 608 51 1.52
f3809_17 113 1086 1058 1.98
f3810_05 104 497 262 3.21
f3811_12 114 878 258 3.49
f3812_06 103 995 316 4.27
f3813_08 104 45 954 2.86
f3814_43 115 980 819 3.29
f3815_34 113 47 671 1.33
f3816_24 114 733 1134 3.24
f3817_22 106 931 316 1.36
f3818_27 113 374 582 1.42
f3819_19 97 873 530 2.78
f3820_39 60 202 650 1.31
f3821_06 111 238 1012 4.45
f3822_47 114 1077 140 3.08
f3823_46 114 128 738 2.36
f3824_05 115 268 89 1.75
f3825_12 104 754 135 1.5
f3826_07 94 1152 747 3.17
f3827_08 108 118 1113 2.21
f3828_24 117 486 723 4.54
f3829_26 103 977 608 4.39
f3830_48 103 822 970 1.67
f3831_41 117 173 899 2.49
f3832_04 114 888 1199 2.26
f3833_03 81 10 402 1.37
f3834_35 116 206 15 1.71
f3835_39 111 797 821 1.52
f3836_27 114 721 657 4.13
f3837_30 113 324 295 3.25
f3838_46 116 639 31 3.18
f3839_11 100 1116 991 2.72
f3840_05 117 531 370 4.26
f3841_01 116 627 516 1.64
f3842_45 94 690 476 3.97
f3843_30 114 212 1124 1.63
f3844_11 107 548 501 1.95
f3845_39 109 778 847 3.85
f3846_02 105 22 1090 4.12
f3847_24 114 262 999 3.11
f3848_28 117 520 525 2.42
f3849_21 114 917 250 3.75
f3850_20 114 1187 1128 1.55
f3851_19 105 715 977 3.22
f3852_32 110 990 669 1.17
f3853_22 111 7 1157 4.52
f3854_08 104 844 995 1.15
f3855_47 100 1114 988 2.43
f3856_34 104 739 677 4.62
f3857_01 110 366 582 2.57
f3858_25 116 48 151 3.43
f3859_23 112 49 403 1.93
f3860_20 112 298 540 1.8
f3861_21 117 275 87 3.42
f3862_40 115 321 412 2.79
f3863_30 105 314 660 4.9
f3864_42 113 994 1180 1.36
f3865_26 116 1162 754 1.01
f3866_43 99 357 10 3.18
f3867_42 107 1109 750 1.55
f3868_35 113 615 860 2.86
f3869_23 114 97 1176 2.09
f3870_03 108 1096 761 3.07
f3871_42 114 211 350 3.58
f3872_39 116 523 923 4.23
f3873_37 116 423 263 2.46
f3874_15 113 552 307 2.29
f3875_35 113 571 901 2.3
f3876_02 116 987 763 2.97
f3877_11 107 1014 227 1.04
f3878_43 105 458 408 1.72
f3879_35 113 703 201 1.57
f3880_29 106 95 676 4.52
f3881_31 98 444 1189 1.43
f3882_22 104 571 159 2.61
f3883_18 115 937 872 2.66
f3884_40 109 1058 972 2.91
f3885_04 115 944 247 1.72
f3886_02 106 731 484 3.78
f3887_39 114 499 970 2.32
f3888_32 95 881 510 3.72
f3889_26 112 782 685 1.46
f3890_40 116 1085 1093 4.11
f3891_31 116 402 3 4.45
f3892_07 115 540 843 2.48
f3893_01 104 773 407 1.11
f3894_37 109 459 235 4.91
f3895_38 115 97 354 3.62
f3896_07 114 343 874 2.01
f3897_45 114 85 156 4.02
f3898_28 114 544 1175 4.25
f3899_30 115 394 967 2.94
f3900_35 111 798 1024 3.16
f3901_45 69 358 662 1.2
f3902_40 117 1107 614 4.83
f3903_05 104 158 958 3.58
f3904_45 91 1032 883 4.83
f3905_45 105 361 490 3.86
f3906_44 116 107 590 4.29
f3907_43 105 919 86 2.05
f3908_41 116 632 705 3.81
f3909_46 105 1188 567 4.71
f3910_30 105 193 1076 2.85
f3911_34 114 133 95 3.16
f3912_15 115 743 730 3.95
f3913_01 106 969 110 2.21
f3914_30 116 737 65 2.34
f3915_05 108 784 918 1.84
f3916_23 114 223 1015 2.41
f3917_03 115 343 88 3.2
f3918_03 132 1190 718 3.22
f3919_18 114 118 602 4.02
f3920_08 73 1132 699 3.66
f3921_41 111 112 46 3.8
f3922_38 103 345 562 3.32
f3923_00 105 585 775 3.77
f3924_24 112 1153 298 3.62
f3925_41 114 148 488 1.75
f3926_17 115 153 665 4.92
f3927_00 109 367 926 3.14
f3928_39 109 548 1022 4.35
f3929_28 80 397 144 4.44
f3930_25 112 390 483 2.91
f3931_13 96 1064 750 3.53
f3932_35 106 871 574 4.6
f3933_30 114 196 135 2.5
f3934_45 103 732 503 1.04
f3935_48 108 803 464 2.23
f3936_41 114 1074 282 3.65
f3937_40 107 49 826 4.5
f3938_46 108 1061 151 3.89
f3939_49 116 368 630 4.25
f3940_26 105 597 985 2.72
f3941_08 102 937 1173 2.69
f3942_06 116 959 922 1.1
f3943_12 115 680 831 2.45
f3944_02 86 138 199 1.1
f3945_00 116 228 478 4.82
f3946_04 112 11 892 3.52
f3947_36 111 800 409 2.58
f3948_41 101 341 600 4.37
f3949_09 113 1135 1147 2.36
f3950_44 110 502 316 2.83
f3951_33 110 418 1119 4.25
f3951_47 81 392 773 1.39
f3952_40 110 989 156 4.75
f3953_28 109 378 664 2.43
f3954_30 117 79 209 3.91
f3955_03 112 1074 1191 3.02
f3956_26 105 564 1053 1.21
f3957_18 109 885 311 1.93
f3958_42 114 322 14 3.41
f3960_19 117 360 188 4.14
f3961_03 109 1010 443 4.76
f3962_36 111 112 250 2.56
f3963_34 115 406 290 2.42
f3964_40 102 43 502 1.42
f3965_14 102 678 623 4.75
f3966_01 111 987 226 4.45
f3967_43 90 894 564 4.83
f3968_18 117 449 127 3.37
f3969_02 114 227 333 4.74
f3970_25 117 498 389 3.71
f3971_41 111 839 722 4.28
f3972_19 109 1015 1151 2.77
f3973_27 114 757 475 1
f3974_03 114 752 662 4.9
f3975_15 115 490 73 1.98
f3976_36 117 1177 639 4.88
f3977_39 115 123 517 1.32
f3978_35 115 180 650 3.05
f3979_36 111 1135 353 1.54
f3980_34 103 335 1142 4.73
f3981_38 110 240 636 4.01
f3982_48 105 886 975 1.21
f3983_27 98 947 727 3.75
f3984_32 111 16 151 2.43
f3985_04 114 573 573 1.22
f3986_31 114 159 851 1.42
f3987_13 117 714 112 3.11
f3988_14 103 587 355 2.03
f3989_21 112 1079 903 2.86
f3990_02 114 1122 232 1.98
f3991_38 113 1144 400 1.08
f3992_46 94 265 625 1.36
f3993_05 114 1059 236 2.59
f3994_27 107 1119 374 2.39
f3995_18 80 1179 1164 2.58
f3996_02 101 545 263 4.38
f3997_45 109 940 352 1.29
f3998_40 105 271 968 1.65
f3999_42 92 743 1047 1.76
f4000_40 114 339 475 1.19
f4001_45 115 403 243 2.89
f4002_46 117 1 729 3.92
f4003_07 99 172 104 4.33
f4004_35 115 369 288 2.37
f4005_01 115 479 55 1.81
f4006_12 114 577 428 4.15
f4007_21 117 639 283 3.94
f4008_34 103 6 240 3.47
f4009_27 114 647 702 3.82
f4010_12 106 348 1193 2.31
f4011_12 114 532 333 2.28
f4012_13 110 270 540 4.63
f4013_32 116 702 931 4.23
f4014_43 112 284 279 2.99
f4015_05 103 125 430 1.23
f4016_16 110 168 231 2.84
f4017_11 98 804 544 3.51
f4018_10 117 870 902 4.55
f4019_00 105 445 875 4.02
f4020_15 114 919 934 1.58
f4021_01 116 529 203 2.06
f4022_12 80 851 310 3.65
f4023_00 105 167 498 3.16
f4024_12 110 732 283 1.51
f4025_17 114 160 1171 1.52
f4026_43 116 474 9 3.14
f4027_34 104 751 765 2.5
f4028_44 109 537 452 1.19
f4029_29 114 232 209 1.76
f4030_29 94 302 1109 2.92
f4031_33 114 168 38 1.12
f4032_33 108 592 268 3.93
f4033_05 105 18 102 1.9
f4034_28 113 292 1056 4.4
f4035_29 110 855 165 1.55
f4036_01 114 625 130 3.29
f4037_48 112 674 1079 1.74
f4038_15 114 577 20 4.38
f4039_48 105 344 896 4.21
f4040_28 113 1077 886 4.14
f4041_39 115 1097 283 4.54
f4042_33 106 1123 35 4.42
f4043_08 52 278 150 2.94
f4044_44 103 1135 362 2.94
f4045_31 114 167 1001 3.23
f4046_46 105 432 680 1.82
f4047_15 117 541 270 3.15
f4048_24 95 712 575 3.85
f4049_18 116 1113 190 3.12
f4050_05 90 731 161 4.2
f4051_49 96 863 8 2.1
f4052_33 108 1140 355 3.72
f4053_14 91 82 630 1.56
f4054_12 96 778 945 2.19
f4055_44 112 1145 679 2.08
f4056_41 116 814 1036 2.18
f4057_40 113 196 909 2.7
f4058_09 99 547 725 1.16
f4059_48 109 1032 485 1.77
f4060_46 108 1100 1012 2.15
f4061_16 109 802 94 3.77
f4062_17 115 1047 816 3.03
f4063_09 106 521 1002 2.21
f4064_46 67 332 1186 4.94
f4065_47 113 1072 737 4.13
f4066_22 113 200 75 1.18
f4067_23 116 168 480 3.28
f4068_21 96 2 922 3.1
f4069_03 106 1146 357 4.09
f4070_43 100 73 268 4.52
f4071_32 103 665 1036 4.83
f4072_44 114 524 956 1.99
f4073_38 114 582 290 2.35
f4074_12 84 828 1100 4.75
f4075_12 116 239 529 1.54
f4076_42 113 894 281 3.46
f4077_42 110 632 174 2.05
f4078_05 111 1150 1188 4.1
f4079_43 90 234 759 1.37
f4080_22 115 154 965 2.35
f4081_24 116 322 1140 4.34
f4082_29 109 734 288 2.45
f4083_30 103 550 1106 3.82
f4084_14 113 1049 467 3.16
f4085_42 103 276 251 1.13
f4086_36 105 485 89 3.9
f4087_40 99 968 314 2.74
f4088_26 114 784 537 4.97
f4089_12 109 390 902 3.24
f4090_35 111 476 15 2.6
f4091_23 107 887 305 4.97
f4092_24 99 39 132 1.62
f4093_35 105 505 448 3.71
f4094_49 94 125 59 4.81
f4095_43 114 355 695 3.2
f4096_14 113 318 554 1.5
f4097_41 85 907 57 3.93
f4098_19 90 957 639 4.73
f4099_10 114 1060 1123 3.16

