f0609_12 115 1.01 150.488 5 54.76314222538169 350 256 
f3697_32 114 1.03 157.425 5 54.69600178234393 481 441 
f2191_53 116 1.11 156.406 5 54.56277145550319 354 116 
f3386_27 115 1.09 144.607 5 54.46542176310174 474 187 
f3672_20 114 1.18 158.939 5 54.28614009389585 401 477 
f1336_30 112 1.12 149.864 5 54.26719880749512 384 281 
f4000_40 114 1.19 155.093 5 54.25159389841041 339 475 
f2220_72 104 1.03 160.236 5 53.981271883712196 179 416 
f3625_17 107 1.07 156.152 5 53.95805179992338 453 172 
f0202_09 97 1.01 149.864 5 53.91881819391669 301 211 
f3196_35 116 1.32 155.018 5 53.89174186841612 187 482 
f1994_21 103 1.08 150.488 5 53.83688735553511 345 446 
f1473_30 114 1.32 155.018 5 53.817039209087106 193 105 
f2135_53 113 1.27 144.047 5 53.816751808796155 77 320 
f3577_03 114 1.32 149.864 5 53.80426338398966 277 464 
f3318_25 112 1.2 139.835 5 53.73607888721339 288 67 
f1175_48 98 1.1 148.064 5 53.72481443680956 149 468 
f4085_42 103 1.13 150.488 5 53.71672303305007 276 251 
f1757_24 103 1.15 154.424 5 53.700753061900514 297 512 
f0681_47 103 1.16 156.22 5 53.684917597712534 465 167 
f2502_59 104 1.16 162.222 5 53.66683253441041 219 127 
f3299_12 114 1.38 153.571 5 53.59650577655511 186 437 
f1281_28 107 1.23 155.617 5 53.54129657902122 420 131 
f4015_05 103 1.23 155.617 5 53.49586098835582 125 430 
f1089_04 93 1.07 149.864 5 53.48274816224759 330 101 
f0547_28 114 1.41 156.828 5 53.479448639499324 390 107 
f0584_22 96 1.19 150.488 5 53.46057357272855 280 192 
f1362_31 103 1.24 149.864 5 53.425206425448 397 471 
f3767_45 109 1.33 151.69 5 53.41388663390236 120 393 
f1039_40 107 1.25 149.245 5 53.39537081747378 191 352 
f0911_02 99 1.27 160.236 5 53.3746791936346 144 386 
f3135_37 117 1.46 149.245 5 53.36348818729188 212 235 
f2434_59 102 1.33 149.245 5 53.17760277935242 180 286 
f2182_95 105 1.15 139.835 5 53.17406954223951 520 200 
f2159_53 112 1.46 149.245 5 53.15760479775935 367 343 
f3616_07 105 1.3 144.607 5 53.01037664293942 255 527 
f4075_12 116 1.54 137.845 5 52.905097327156525 239 529 
f0936_34 92 1.26 150.488 5 52.879478122816955 372 334 
f2397_92 109 1.48 148.021 5 52.75738807582478 336 209 
f1484_21 89 1.15 149.864 5 52.68651495351933 138 275 
f2230_67 94 1.42 158.351 5 52.64945659899747 200 397 
f3334_16 97 1.51 156.38 5 52.459018939971486 219 318 
f4066_22 113 1.18 125.098 5 52.418279234676184 200 75 
f3126_20 114 1.65 162.222 5 52.39549556865713 425 255 
f1918_04 87 1.14 144.607 5 52.295991317985504 404 117 
f3944_02 86 1.1 151.69 5 52.26289680485324 138 199 
f2205_74 97 1.58 156.152 5 52.14514773937978 211 398 
f3683_06 113 1.67 154.191 5 52.10859714186269 210 509 
f3302_29 114 1.71 157.896 5 52.07342306653604 269 160 
f3824_05 115 1.75 142.756 5 52.01651785599639 268 89 
f0579_26 85 1.07 139.835 5 52.011263657006246 63 361 
f3520_45 116 1.79 150.488 5 51.94692149052049 341 285 
f3925_41 114 1.75 139.835 5 51.84503483130462 148 488 
f2251_74 87 1.33 156.152 5 51.84070106580039 283 327 
f2595_89 112 1.69 150.784 5 51.8359976124861 362 106 
f4029_29 114 1.76 158.939 5 51.78620888820882 232 209 
f1454_12 96 1.65 149.864 5 51.70301408520618 241 221 
f0345_23 110 1.05 120.916 5 51.669018158572406 108 131 
f1247_15 113 1.75 142.756 5 51.6632767731697 99 188 
f0123_28 97 1.69 148.408 5 51.541282862460804 144 462 
f1001_28 105 1.65 158.298 5 51.53349665066688 485 259 
f1028_20 99 1.7 155.498 5 51.48234719669712 160 434 
f1244_09 98 1.7 136.056 5 51.48234719669712 316 56 
f3750_00 114 1.81 148.603 5 51.48041195633618 141 416 
f0284_34 97 1.03 121.284 5 51.470528252182504 263 550 
f0395_15 114 1.3 120.916 5 51.4073432745569 513 172 
f4096_14 113 1.5 125.098 5 51.35598126292957 318 554 
f0209_30 87 1.48 158.939 5 51.34212587341058 281 246 
f1715_20 114 1.85 153.571 5 51.21983644439955 326 465 
f3860_20 112 1.8 144.896 5 51.183612915594786 298 540 
f0210_17 104 1.34 125.098 5 51.148522948616495 58 386 
f2000_40 112 1.81 148.603 5 51.120976000724944 110 243 
f3878_43 105 1.72 155.498 5 51.07828735459176 458 408 
f3873_37 116 2.46 155.733 5 51.068978887265196 423 263 
f3598_35 116 2.29 161.555 5 51.04236328528799 224 185 
f3156_26 117 2.19 158.939 5 51.03962079078652 435 228 
f3100_44 109 1.76 142.756 5 51.03561236723532 462 145 
f1596_10 88 1.62 157.031 5 51.011843061164946 477 368 
f3667_35 117 2.71 154.208 5 50.99985566237196 211 251 
f3351_27 116 2.61 155.617 5 50.99549680021707 104 205 
f3963_34 115 2.42 155.498 5 50.958091108807444 406 290 
f4004_35 115 2.37 154.85 5 50.95532354164957 369 288 
f3461_23 117 1.96 156.38 5 50.944065597834246 137 376 
f1752_29 115 1.92 149.245 5 50.90414662832006 233 468 
f3596_19 105 1.75 158.939 5 50.8731313685732 315 354 
f2073_06 114 2.47 144.607 5 50.837721835367574 111 183 
f3933_30 114 2.5 154.85 5 50.83012942737417 196 135 
f0036_39 92 1.74 150.488 5 50.82221979025899 429 259 
f3723_03 115 2.75 158.298 5 50.74100352810329 153 297 
f4011_12 114 2.28 139.212 5 50.71586498571266 532 333 
f1704_29 113 2.43 154.208 5 50.698165141478896 130 329 
f3322_40 116 2.84 158.552 5 50.69003923570599 431 149 
f1112_30 114 2.26 151.306 5 50.686301003698006 375 85 
f3862_40 115 2.79 156.152 5 50.68528910978259 321 412 
f2287_60 112 2.54 158.939 5 50.55245291861992 441 376 
f1962_12 114 2.18 158.298 5 50.54658902278322 266 181 
f3327_11 117 2.95 156.81 5 50.540831848503935 109 306 
f3350_11 96 1.82 149.245 5 50.53781702798295 444 371 
f3654_03 113 2.74 157.688 5 50.515639552157495 290 310 
f1397_09 114 2.16 158.552 5 50.50954365587625 275 410 
f2573_61 114 1.9 125.098 5 50.493161077126274 327 551 
f1374_18 113 2.22 148.63 5 50.45163993466034 319 473 
f4001_45 115 2.89 150.488 5 50.44853122288534 403 243 
f3757_19 115 2.91 154.208 5 50.44566141771744 468 382 
f3207_05 112 2.32 154.208 5 50.44301828868616 128 200 
f0162_02 100 1.39 121.284 5 50.43471760225517 52 305 
f3405_07 113 1.84 125.098 5 50.431281914606636 543 241 
f1961_34 84 1.57 156.152 5 50.409640660796256 267 277 
f3962_36 111 2.56 159.585 5 50.40916724861111 112 250 
f2461_99 111 2.49 158.939 5 50.40675895874273 363 302 
f0631_03 112 2.29 144.607 5 50.40327934920888 495 395 
f2180_96 111 2.62 152.939 5 50.37194053442721 104 253 
f1205_25 102 1.84 155.498 5 50.36193201791931 426 380 
f0552_46 79 1.26 157.662 5 50.357063531505 169 290 
f3276_49 116 2.99 152.312 5 50.3540085095657 167 257 
f3187_33 113 1.95 155.733 5 50.349317455667354 281 131 
f1063_36 114 2.91 154.208 5 50.33808608555116 160 352 
f1958_33 86 1.69 148.408 5 50.332506189416264 88 353 
f3603_14 112 2.78 153.571 5 50.32301692176631 453 291 
f1206_36 105 1.43 121.284 5 50.30130128766921 466 489 
f3171_30 114 2.06 145.979 5 50.2854113691719 410 500 
f0981_17 111 2.74 157.688 5 50.25529854296257 122 346 
f2055_31 96 1.58 124.316 5 50.246099415962156 486 471 
f0116_23 92 1.43 120.916 5 50.24563506379203 524 409 
f0059_21 110 2.38 151.69 5 50.18104551087398 347 257 
f2481_58 112 1.95 155.733 5 50.17706000316043 153 270 
f1806_29 115 2.06 123.929 5 50.158962931738145 435 80 
f0617_30 114 2.99 152.312 5 50.147457436964544 159 228 
f3259_15 114 2.99 152.312 5 50.147457436964544 245 428 
f0041_30 96 1.63 124.706 5 50.146614805849225 395 58 
f0446_03 113 2.07 142.756 5 50.14001790982973 470 468 
f0556_25 109 2.53 155.617 5 50.0982372294645 155 471 
f3781_28 109 2.57 156.152 5 50.097334962055854 437 192 
f3484_17 109 1.74 125.098 5 50.09613282959565 346 56 
f1913_37 110 2.3 160.893 5 50.09395036377599 343 458 
f2118_60 110 2.3 139.835 5 50.09395036377598 421 99 
f3338_15 102 1.87 144.607 5 50.09041244163378 484 410 
f3930_25 112 2.91 154.208 5 50.08980629843837 390 483 
f0843_06 113 2.05 150.488 5 50.08810101925089 239 355 
f0829_00 80 1.43 158.351 5 50.05319412582039 223 168 
f3507_42 109 2.42 155.498 5 50.05060032199147 344 279 
f3631_34 111 2.18 153.201 5 50.048728294421345 426 146 
f4021_01 116 2.06 120.916 5 50.00329723165724 529 203 
f2420_84 117 3.15 158.351 5 49.99713169064332 302 293 
f3950_44 110 2.83 155.733 5 49.99280585855152 502 316 
f4016_16 110 2.84 158.552 5 49.982298931457095 168 231 
f0017_07 109 2.74 156.828 5 49.98111224940316 115 391 
f3601_49 110 2.22 148.63 5 49.96487528753267 370 316 
f4014_43 112 2.99 152.312 5 49.90399468906783 284 279 
f3670_40 108 2.4 156.828 5 49.87475163694004 437 477 
f3476_46 110 2.16 158.552 5 49.851231467727196 130 302 
f3109_30 112 3.0 147.636 5 49.81352460661875 298 527 
f1158_21 112 3.02 149.864 5 49.80126354988874 152 401 
f1986_20 106 1.75 125.098 5 49.80081178534557 48 308 
f1912_13 109 2.22 142.406 5 49.79874216407856 531 373 
f3569_18 112 3.04 154.424 5 49.797292320299775 234 87 
f1134_40 107 2.57 156.152 5 49.790396266286116 434 387 
f3724_32 107 2.51 156.81 5 49.78688433391459 216 373 
f1403_42 108 2.31 158.939 5 49.782691783310916 349 358 
f2026_32 111 2.06 149.864 5 49.78062139912841 296 165 
f0573_31 107 2.62 152.939 5 49.77966658257155 194 315 
f2062_39 89 1.85 148.021 5 49.76973770456579 495 303 
f1486_35 82 1.62 144.607 5 49.766888567127864 177 487 
f3917_03 115 3.2 155.617 5 49.69380441645873 343 88 
f4047_15 117 3.15 139.835 5 49.69318811804214 541 270 
f3447_20 114 3.11 144.269 5 49.67932789187516 515 415 
f3739_34 105 1.91 146.894 5 49.65254803542239 218 503 
f1590_15 107 2.79 156.152 5 49.63744991199267 329 319 
f1853_42 105 2.58 160.724 5 49.61773886938487 425 366 
f1754_35 104 2.6 157.44 5 49.61635538522891 376 499 
f2405_90 105 2.5 156.828 5 49.61194467636396 325 521 
f1025_22 105 2.63 152.393 5 49.6055886756083 252 260 
f1631_40 109 1.96 156.38 5 49.60156916384891 176 365 
f1337_29 78 1.43 148.376 5 49.58875543828692 323 73 
f2475_66 107 2.27 156.828 5 49.57088643135011 490 397 
f1698_35 105 1.92 149.245 5 49.570325579231586 352 458 
f2162_62 99 2.4 151.355 5 49.56380783185881 150 168 
f3402_08 115 1.14 34.2396 5 49.55559702556382 636 74 
f0615_00 113 1.07 34.3801 5 49.54451091525543 4 6 
f3681_31 105 2.37 154.85 5 49.523030277069076 397 370 
f1451_24 83 1.73 149.245 5 49.51067657436143 114 366 
f4067_23 116 3.28 154.424 5 49.49941312413848 168 480 
f2190_52 114 3.23 162.895 5 49.495241390620826 219 323 
f2447_93 106 2.32 154.208 5 49.49450564691888 201 239 
f0499_10 98 2.43 157.031 5 49.46978460179103 323 296 
f0683_02 105 2.32 153.708 5 49.467940994949785 113 352 
f2123_63 112 3.06 141.636 5 49.459679864848084 375 506 
f0236_17 104 2.77 154.208 5 49.453604178728746 293 131 
f1352_27 98 2.46 156.81 5 49.450728300226174 386 172 
f0775_24 105 2.79 156.152 5 49.44821385931076 438 213 
f1595_34 105 2.8 157.475 5 49.43407629064844 237 219 
f3785_26 97 2.26 148.603 5 49.396537461730674 417 156 
f3493_27 119 3.36 157.031 5 49.382580518801916 202 247 
f2593_72 105 2.84 158.552 5 49.371365373537735 335 258 
f1370_48 108 1.97 137.356 5 49.36479273319152 226 77 
f3562_47 103 2.82 154.208 5 49.34856953509066 219 254 
f2250_52 105 2.86 156.81 5 49.335884447957206 256 184 
f1441_43 97 1.95 149.864 5 49.32024529866031 343 344 
f2238_86 105 2.87 158.298 5 49.32011398585429 237 351 
f1789_37 110 3.15 158.351 5 49.27755760424188 354 380 
f2203_77 106 2.19 156.828 5 49.275815940793734 217 516 
f3262_45 87 1.89 155.093 5 49.26663055972836 478 308 
f3243_44 117 3.36 157.031 5 49.26456610681425 329 327 
f1186_07 96 2.19 159.585 5 49.26419898415516 432 356 
f3837_30 113 3.25 147.976 5 49.23732756412858 324 295 
f3968_18 117 3.37 156.828 5 49.22272299954529 449 127 
f0989_33 96 2.52 157.688 5 49.22178332333776 142 263 
f0675_24 96 1.96 150.784 5 49.21917431011753 266 356 
f1532_16 109 3.13 155.498 5 49.18922766109586 489 259 
f1179_01 96 2.56 150.488 5 49.188336564729994 300 236 
f0653_02 98 2.74 160.236 5 49.186814182792475 470 284 
f1543_08 106 2.93 150.462 5 49.18590079344331 191 460 
f1398_48 96 2.15 155.498 5 49.18290180486557 454 183 
f3316_22 106 1.96 138.72 5 49.18280508608342 235 65 
f0589_20 94 2.14 156.81 5 49.16081069384234 384 364 
f1167_31 96 2.12 151.69 5 49.11444710280964 239 490 
f3874_15 113 2.29 121.284 5 49.06646753526519 552 307 
f1275_19 105 3.01 155.617 5 49.042638552737884 351 83 
f0756_22 93 2.09 149.864 5 49.03931750951213 127 376 
f1702_13 111 3.26 149.554 5 49.00449173698009 299 165 
f3861_21 117 3.42 150.391 5 49.00277180600911 275 87 
f1605_44 108 2.99 140.773 5 48.98713747593813 479 168 
f1082_22 107 2.0 139.835 5 48.96846998897563 102 170 
f1653_02 107 2.0 156.828 5 48.96846998897563 491 222 
f1273_29 104 2.82 139.835 5 48.95551354937712 116 448 
f2127_59 105 3.07 154.208 5 48.895240169397475 351 300 
f0644_19 113 2.32 120.185 5 48.88123423569505 518 183 
f1800_08 104 2.03 162.895 5 48.86809442256372 387 316 
f3804_08 112 3.35 156.22 5 48.83436206940075 452 441 
f0609_12 115 1.01 150.488 4 48.83037249323431 350 256 
f2111_87 113 3.29 139.835 5 48.82478657359595 452 490 
f3640_13 101 2.0 151.69 5 48.816461449419826 363 382 
f2466_76 106 3.12 159.585 5 48.81468447753131 199 282 
f3663_13 110 1.11 33.7702 5 48.797757791753064 738 340 
f3763_41 105 3.11 153.351 5 48.79296226698311 319 506 
f3677_29 113 3.39 150.488 5 48.783178956057256 162 392 
f2529_70 108 3.23 162.895 5 48.77764584211362 204 140 
f0875_02 96 2.88 154.208 5 48.776739658140635 446 292 
f3426_23 96 2.88 154.208 5 48.776739658140635 282 428 
f3697_32 114 1.03 157.425 4 48.756550795580765 481 441 
f2143_66 111 1.23 34.1837 5 48.735326225414184 682 194 
f2191_53 116 1.11 156.406 4 48.72945290108017 354 116 
f0652_30 102 3.11 153.351 5 48.718304125458964 78 328 
f2169_69 80 1.06 106.626 5 48.68612820196206 299 34 
f2530_91 114 2.72 122.782 5 48.65827909819363 532 410 
f3386_27 115 1.09 144.607 4 48.611052593786205 474 187 
f0956_32 110 3.35 157.688 5 48.60999410137536 219 258 
f3226_21 99 1.04 34.6074 5 48.60952542248036 195 687 
f3726_09 93 2.16 125.098 5 48.57674448752974 546 349 
f0335_14 117 1.5 34.2957 5 48.54970107285834 245 705 
f2280_57 106 1.03 34.1002 5 48.5347492420157 248 720 
f3810_05 104 3.21 153.571 5 48.51958124237142 497 262 
f3519_18 90 2.35 150.185 5 48.49184494805775 422 429 
f3672_20 114 1.18 158.939 4 48.468160230050565 401 477 
f0758_07 102 1.12 34.5789 5 48.45997380705023 673 96 
f3502_45 115 1.47 34.2676 5 48.44674478937819 397 726 
f4000_40 114 1.19 155.093 4 48.44321663119697 339 475 
f3248_19 117 3.03 122.782 5 48.438674547428384 47 329 
f1080_00 89 2.08 158.939 5 48.43230510685568 271 414 
f1336_30 112 1.12 149.864 4 48.413999101936774 384 281 
f3310_44 109 3.37 156.38 5 48.40368432993448 284 486 
f2035_49 108 3.32 146.402 5 48.33938437231835 154 458 
f0696_13 115 1.51 34.3238 5 48.30719447972789 519 674 
f2076_31 109 2.33 121.284 5 48.30106497222974 69 394 
f0039_14 87 2.05 150.488 5 48.27585914892544 288 225 
f1111_02 114 3.52 149.245 5 48.2747572842513 266 211 
f3224_05 104 3.29 150.488 5 48.26944913286864 408 338 
f3320_18 111 1.37 34.1002 5 48.25685776587421 54 609 
f3196_35 116 1.32 155.018 4 48.25646799601246 187 482 
f1193_46 98 3.21 156.152 5 48.24002053234778 381 156 
f3625_17 107 1.07 156.152 4 48.210871487929175 453 172 
f4023_00 105 3.16 139.835 5 48.20992900260468 167 498 
f1378_08 99 1.19 34.2676 5 48.20867027094557 443 704 
f0901_39 103 1.19 34.3238 5 48.20186588200432 642 519 
f2108_54 88 2.24 158.552 5 48.18872847483989 125 205 
f3431_32 116 3.59 162.895 5 48.175796760183324 348 315 
f1473_30 114 1.32 155.018 4 48.135772200392815 193 105 
f2411_88 109 3.43 154.424 5 48.13272076739289 295 510 
f3577_03 114 1.32 149.864 4 48.12518890979422 277 464 
f3766_48 105 3.34 156.152 5 48.11265469407573 324 419 
f1797_27 85 2.01 120.916 5 48.100438929524444 303 46 
f2135_53 113 1.27 144.047 4 48.10013803804004 77 320 
f3318_25 112 1.2 139.835 4 48.09020587166191 288 67 
f0071_21 77 1.73 139.835 5 48.08285811573932 473 462 
f3549_47 114 3.23 128.023 5 48.073952422460394 82 437 
f1573_06 70 1.2 148.021 5 48.07376760667545 289 370 
f2220_72 104 1.03 160.236 4 48.07358772389958 179 416 
f1824_18 104 3.36 154.424 5 48.04697047018225 464 439 
f3299_12 114 1.38 153.571 4 47.97786307586449 186 437 
f0574_03 94 2.32 119.463 5 47.968339734418485 51 364 
f3871_42 114 3.58 155.093 5 47.96584521647836 211 350 
f1284_38 86 2.19 159.585 5 47.95007990129722 407 410 
f3135_37 117 1.46 149.245 4 47.9241985131948 212 235 
f0656_11 84 2.11 150.784 5 47.92107113534401 180 376 
f1994_21 103 1.08 150.488 4 47.9163178659852 345 446 
f1281_28 107 1.23 155.617 4 47.91458244909545 420 131 
f3895_38 115 3.62 156.828 5 47.90989481715787 97 354 
f2222_84 103 1.0 101.523 5 47.89526374165725 599 353 
f0547_28 114 1.41 156.828 4 47.893642143797805 390 107 
f3879_35 113 1.57 34.3801 5 47.89199164623485 703 201 
f0538_03 83 2.1 119.784 5 47.87261362037548 469 498 
f2502_59 104 1.16 162.222 4 47.852611640057745 219 127 
f0520_25 87 2.35 150.185 5 47.851685014429876 364 144 
f1039_40 107 1.25 149.245 4 47.83417920308108 191 352 
f4085_42 103 1.13 150.488 4 47.831291390745214 276 251 
f3767_45 109 1.33 151.69 4 47.80349490776079 120 393 
f1757_24 103 1.15 154.424 4 47.800597069877014 297 512 
f0681_47 103 1.16 156.22 4 47.78422874967467 465 167 
f0730_41 74 1.46 125.098 5 47.77246523850483 236 62 
f2199_64 80 1.02 101.268 5 47.75754458164759 265 576 
f3970_25 117 3.71 153.351 5 47.742503979465695 498 389 
f2182_95 105 1.15 139.835 4 47.73483310603574 520 200 
f1472_37 105 2.6 124.316 5 47.72511129053332 491 131 
f4024_12 110 1.51 34.3238 5 47.70003145905366 732 283 
f1634_38 98 3.39 163.436 5 47.675998126401254 339 110 
f4015_05 103 1.23 155.617 4 47.6548609472921 125 430 
f1362_31 103 1.24 149.864 4 47.62983972443161 397 471 
f2159_53 112 1.46 149.245 4 47.626040561697884 367 343 
f1848_43 104 3.46 157.662 5 47.603054768273374 269 479 
f2084_07 104 3.46 157.662 5 47.603054768273374 456 173 
f1162_15 85 2.25 157.475 5 47.59346344573533 276 210 
f0202_09 97 1.01 149.864 4 47.583147109538864 301 211 
f3312_28 100 1.44 107.193 5 47.56961270300797 231 41 
f1932_09 87 2.56 150.488 5 47.56576760434977 124 272 
f3616_07 105 1.3 144.607 4 47.55113523707845 255 527 
f4066_22 113 1.18 125.098 4 47.54533794858519 200 75 
f4075_12 116 1.54 137.845 4 47.53553578304425 239 529 
f3373_36 114 3.65 137.177 5 47.52646904502638 198 519 
f1175_48 98 1.1 148.064 4 47.5148516862778 149 468 
f0962_04 110 1.55 34.1558 5 47.503749856346474 403 684 
f1237_18 87 2.61 149.864 5 47.498606217937414 366 365 
f0783_27 98 1.46 107.193 5 47.48537313196595 462 510 
f2229_88 97 2.68 120.423 5 47.39344611236225 508 144 
f2397_92 109 1.48 148.021 4 47.38371266594563 336 209 
f2434_59 102 1.33 149.245 4 47.382386831010116 180 286 
f4031_33 114 1.12 101.268 5 47.38064182861264 168 38 
f0591_27 109 2.84 120.916 5 47.36906222024339 299 546 
f1779_01 104 1.74 109.978 5 47.361904894889705 481 504 
f0944_27 99 2.17 109.978 5 47.35288284492915 312 29 
f0546_38 74 1.74 139.835 5 47.352338576164364 507 177 
f3511_46 108 1.52 34.1558 5 47.345349788705185 551 619 
f3541_02 111 3.62 154.208 5 47.33515168036618 287 258 
f1784_17 97 3.46 154.208 5 47.333521441147624 269 171 
f2068_36 105 1.7 109.753 5 47.33294000524569 390 44 
f0911_02 99 1.27 160.236 4 47.295596372666424 144 386 
f0880_16 103 3.54 148.143 5 47.208480383991635 151 132 
f1768_48 99 1.13 100.762 5 47.20708661472387 197 585 
f0584_22 96 1.19 150.488 4 47.20691904425931 280 192 
f1117_18 96 3.47 144.047 5 47.1812626626971 206 93 
f4028_44 109 1.19 101.523 5 47.17623528328478 537 452 
f3808_45 106 1.52 34.3519 5 47.15909139709973 608 51 
f3126_20 114 1.65 162.222 4 47.158512234827036 425 255 
f0791_04 102 1.16 101.014 5 47.157476238223936 574 425 
f1436_39 103 1.2 101.523 5 47.137111052608276 119 534 
f1089_04 93 1.07 149.864 4 47.130818003513234 330 101 
f2225_86 72 1.7 160.236 5 47.12549644497273 415 392 
f0272_13 94 3.43 157.031 5 47.116491718537375 328 450 
f3282_28 105 1.53 34.3238 5 47.10804277827396 602 43 
f0345_23 110 1.05 120.916 4 47.10522089513684 108 131 
f0213_49 72 1.13 101.523 5 47.09133454208108 44 180 
f2161_58 105 2.35 108.25 5 47.08246039032898 47 405 
f0505_13 89 3.13 156.828 5 47.03617907505868 149 453 
f1054_20 93 3.41 157.688 5 47.03515325773364 220 401 
f2328_92 104 1.21 101.268 5 47.026209411030656 138 554 
f3688_07 107 3.59 162.895 5 47.01615858976164 363 178 
f0284_34 97 1.03 121.284 4 47.01121555210457 263 550 
f3520_45 116 1.79 150.488 4 47.00765312024052 341 285 
f0844_42 76 1.1 100.26 5 47.00690058585894 160 580 
f1669_41 105 3.57 157.688 5 47.00628166701818 335 275 
f3824_05 115 1.75 142.756 4 47.00477903375728 268 89 
f3302_29 114 1.71 157.896 4 46.99669429617523 269 160 
f3673_48 114 3.35 123.162 5 46.98941989244243 148 503 
f2249_75 87 2.89 134.166 5 46.9890988902133 227 533 
f1711_35 87 2.94 155.498 5 46.98233865601513 369 250 
f3683_06 113 1.67 154.191 4 46.977387362874886 210 509 
f1623_09 78 2.06 149.864 5 46.974000107805885 304 371 
f1982_16 78 2.07 156.828 5 46.966399557637416 169 464 
f0871_23 95 1.23 101.268 5 46.94083524418789 593 190 
f0557_33 97 1.23 101.268 5 46.94083524418789 20 363 
f0668_31 105 2.39 107.193 5 46.92135241356937 403 53 
f1461_46 88 1.06 34.0447 5 46.919496509938824 275 695 
f3337_21 117 2.64 107.193 5 46.91304022506626 541 417 
f3363_42 89 1.32 102.556 5 46.90338259514987 484 568 
f3925_41 114 1.75 139.835 4 46.88214457530459 148 488 
f0189_49 86 2.85 144.607 5 46.871864429231046 422 490 
f2308_56 114 2.32 106.576 5 46.855837928181856 530 447 
f4029_29 114 1.76 158.939 4 46.852653870285614 232 209 
f3182_40 103 1.4 103.611 5 46.84673886179299 397 50 
f0920_11 94 3.5 157.475 5 46.837922489546294 361 241 
f0395_15 114 1.3 120.916 4 46.834066741630586 513 172 
f1506_35 96 1.87 106.083 5 46.82871492102402 506 132 
f2109_65 104 1.26 101.268 5 46.81205198549737 165 36 
f2595_89 112 1.69 150.784 4 46.8094526604632 362 106 
f1907_22 107 2.99 120.549 5 46.78894903726517 44 310 
f3859_23 112 1.93 105.787 5 46.785328617972105 49 403 
f1954_31 114 1.27 101.268 5 46.7689732329567 410 17 
f4096_14 113 1.5 125.098 4 46.764641501661266 318 554 
f2178_93 116 1.63 104.96 5 46.76390999676487 97 115 
f1743_33 75 1.83 123.065 5 46.75644512521742 342 44 
f1804_32 85 2.52 120.916 5 46.75585114622929 197 69 
f1247_15 113 1.75 142.756 4 46.75276860269107 99 188 
f2515_57 111 1.86 105.51 5 46.74433753639324 275 35 
f0478_10 85 2.8 155.018 5 46.71650883815243 157 481 
f1988_11 95 3.56 150.75 5 46.714521780914524 371 487 
f0456_45 105 1.62 34.2116 5 46.70651166869489 27 15 
f0210_17 104 1.34 125.098 4 46.70097414163878 58 386 
f3750_00 114 1.81 148.603 4 46.699588249285384 141 416 
f0936_34 92 1.26 150.488 4 46.69912712178284 372 334 
f3314_25 108 2.36 105.51 5 46.68560360204263 35 230 
f2487_92 77 2.14 156.38 5 46.67398831314173 460 182 
f0545_49 86 2.52 107.193 5 46.66971090141649 540 403 
f3560_17 114 2.47 106.03 5 46.66691459836131 115 113 
f3375_30 116 1.46 103.888 5 46.657559618917986 62 117 
f3334_16 97 1.51 156.38 4 46.62467860251043 219 318 
f0968_30 87 3.1 159.585 5 46.62425825827668 263 442 
f1001_28 105 1.65 158.298 4 46.59367032485774 485 259 
f2230_67 94 1.42 158.351 4 46.5830282733517 200 397 
f1335_30 91 1.33 101.523 5 46.5803398472208 224 575 
f1262_42 105 3.64 144.607 5 46.57785618812613 487 206 
f1715_20 114 1.85 153.571 4 46.56975481170441 326 465 
f1484_21 89 1.15 149.864 4 46.56203580660167 138 275 
f3977_39 115 1.32 101.268 5 46.5529242812514 123 517 
f3461_23 117 1.96 156.38 4 46.550478428771875 137 376 
f1778_11 101 1.21 99.5177 5 46.54008212437421 310 628 
f2412_86 110 1.72 34.4084 5 46.51314915688931 639 28 
f3165_11 118 2.34 102.556 5 46.50683032904766 387 585 
f3860_20 112 1.8 144.896 4 46.47300851836665 298 540 
f2205_74 97 1.58 156.152 4 46.47113887649214 211 398 
f0365_07 76 2.12 157.031 5 46.45749249211236 308 181 
f1752_29 115 1.92 149.245 4 46.45092169329411 233 468 
f3291_47 90 3.41 151.031 5 46.4478156345336 379 510 
f2000_40 112 1.81 148.603 4 46.441609822274444 110 243 
f1356_29 80 1.87 103.888 5 46.41916955468295 39 186 
f3954_30 117 3.91 139.835 5 46.392041869245425 79 209 
f0536_45 85 2.64 107.193 5 46.38898384674347 544 202 
f1420_00 83 1.36 101.268 5 46.379946540285886 521 128 
f1918_04 87 1.14 144.607 4 46.36757670686029 404 117 
f1885_29 111 1.38 101.523 5 46.36514762877034 113 69 
f3100_44 109 1.76 142.756 4 46.34641333221502 462 145 
f1765_33 107 3.16 120.916 5 46.345992225790795 535 205 
f0579_26 85 1.07 139.835 4 46.32680869259694 63 361 
f3878_43 105 1.72 155.498 4 46.320433048101975 458 408 
f3944_02 86 1.1 151.69 4 46.2901796794943 138 199 
f0763_30 98 1.5 102.556 5 46.28233426235035 73 92 
f3416_28 117 1.51 102.326 5 46.28032083533103 102 531 
f3661_19 115 3.88 157.031 5 46.26378161497298 394 208 
f1454_12 96 1.65 149.864 4 46.262167463772855 241 221 
f0237_46 92 3.57 156.81 5 46.2474920627659 304 148 
f3587_27 114 2.1 102.355 5 46.24319756192591 49 158 
f0123_28 97 1.69 148.408 4 46.242259793427436 144 462 
f0162_02 100 1.39 121.284 4 46.23430163721763 52 305 
f2332_97 113 2.34 102.556 5 46.22586571166385 123 539 
f1028_20 99 1.7 155.498 4 46.22140068847154 160 434 
f1244_09 98 1.7 136.056 4 46.22140068847154 316 56 
f3606_19 77 2.33 138.557 5 46.2142113401102 122 138 
f2573_61 114 1.9 125.098 4 46.213434145496166 327 551 
f3596_19 105 1.75 158.939 4 46.19803955721776 315 354 
f2041_22 101 1.71 34.2676 5 46.192932088477534 734 221 
f2019_34 104 3.3 124.316 5 46.17977910831887 434 88 
f1847_26 100 1.61 101.851 5 46.16489278854174 369 4 
f0595_35 100 1.61 101.851 5 46.16489278854174 598 398 
f1070_09 99 1.41 101.268 5 46.16273719824217 28 203 
f3405_07 113 1.84 125.098 4 46.147218945218235 543 241 
f1206_36 105 1.43 121.284 4 46.134761729986586 466 489 
f3818_27 113 1.42 101.268 5 46.11791332290832 374 582 
f3964_40 102 1.42 101.268 5 46.11791332290832 43 502 
f4092_24 99 1.62 101.563 5 46.11606664345644 39 132 
f1503_02 81 1.75 101.523 5 46.10924451727664 19 399 
f3834_35 116 1.71 101.523 5 46.10924451727664 206 15 
f2426_87 95 1.59 101.523 5 46.10924451727664 81 118 
f1947_49 103 1.71 101.523 5 46.10924451727664 292 582 
f0539_34 110 1.71 101.523 5 46.10924451727664 523 112 
f3114_13 102 1.71 101.523 5 46.10924451727664 151 19 
f1353_42 101 1.75 101.523 5 46.10924451727664 364 592 
f2506_77 99 2.0 101.523 5 46.10924451727664 34 210 
f3586_05 108 1.61 101.523 5 46.10924451727664 214 28 
f3975_15 115 1.98 101.523 5 46.10924451727664 490 73 
f2145_89 87 2.16 101.523 5 46.09866928972005 477 70 
f2055_31 96 1.58 124.316 4 46.09836430896782 486 471 
f3187_33 113 1.95 155.733 4 46.09333734731872 281 131 
f0116_23 92 1.43 120.916 4 46.09110847672721 524 409 
f1443_09 103 3.72 150.488 5 46.082309456375555 426 312 
f1245_39 81 2.26 101.523 5 46.07810283641327 151 540 
f4053_14 91 1.56 34.1558 5 46.073171115293 82 630 
f2578_68 114 3.5 120.916 5 46.06743238677047 449 102 
f1367_00 92 1.79 101.268 5 46.06553166480108 519 92 
f1031_37 105 1.55 101.268 5 46.06553166480108 426 50 
f0532_09 116 1.59 101.268 5 46.06553166480108 231 23 
f3844_11 107 1.95 101.268 5 46.06553166480108 548 501 
f1561_30 103 1.58 101.268 5 46.06553166480107 493 529 
f2293_68 104 1.53 101.268 5 46.06553166480107 9 380 
f1688_24 106 1.88 101.268 5 46.06553166480107 414 40 
f3833_03 81 1.37 100.315 5 46.0651486041031 10 402 
f3988_14 103 2.03 101.268 5 46.06385531584652 587 355 
f2265_80 103 2.08 101.268 5 46.06075107823966 97 492 
f3352_39 113 2.12 101.268 5 46.05796309315101 499 95 
f1630_21 112 2.48 102.037 5 46.054930225533724 401 598 
f1606_19 95 3.7 155.733 5 46.04833364620818 386 384 
f4073_38 114 2.35 101.523 5 46.04734421264879 582 290 
f2129_55 113 1.49 101.014 5 46.021589176518106 330 610 
f0011_13 103 2.41 101.523 5 46.020229559823065 586 275 
f3848_28 117 2.42 101.563 5 46.0198895489242 520 525 
f2113_94 116 2.42 101.563 5 46.0198895489242 564 440 
f1806_29 115 2.06 123.929 4 46.01280751046651 435 80 
f1616_04 114 2.43 101.563 5 46.012467823679266 576 478 
f3984_32 111 2.43 101.563 5 46.012467823679266 16 151 
f3666_48 103 3.73 149.864 5 46.011647193977225 287 372 
f2309_54 81 2.52 157.688 5 46.001377700805165 424 252 
f2548_84 112 3.84 150.488 5 45.994379206836804 429 442 
f0041_30 96 1.63 124.706 4 45.991796603647735 395 58 
f2168_66 97 2.46 101.523 5 45.98226539939941 50 462 
f2251_74 87 1.33 156.152 4 45.97181969450815 283 327 
f2481_58 112 1.95 155.733 4 45.966624646257976 153 270 
f2345_87 113 2.2 100.762 5 45.963332406787515 372 613 
f3161_02 111 2.08 100.612 5 45.946348204674706 404 612 
f1124_24 114 2.26 100.762 5 45.9457665965626 153 11 
f0572_15 104 3.74 139.332 5 45.91562182092274 338 535 
f1819_37 99 3.75 158.552 5 45.91184883059206 459 426 
f4021_01 116 2.06 120.916 4 45.91028258774807 529 203 
f3156_26 117 2.19 158.939 4 45.905858292079216 435 228 
f3484_17 109 1.74 125.098 4 45.90430058654677 346 56 
f3473_21 113 2.56 101.523 5 45.89345173954093 6 274 
f1608_37 108 3.77 148.63 5 45.89180844900369 208 307 
f2546_62 106 3.74 150.488 5 45.888838261466354 250 106 
f4005_01 115 1.81 100.26 5 45.88876271690785 479 55 
f3171_30 114 2.06 145.979 4 45.880470142536396 410 500 
f3992_46 94 1.36 99.5177 5 45.87766511361367 265 625 
f1620_12 88 2.53 101.268 5 45.876921694202046 572 372 
f3857_01 110 2.57 101.523 5 45.8704669341849 366 582 
f0869_20 78 2.47 101.523 5 45.857574123008334 568 424 
f1540_20 111 1.93 100.012 5 45.84427226303036 63 89 
f1527_46 116 1.93 100.012 5 45.84427226303036 286 627 
f0621_33 107 2.63 102.355 5 45.82688228687385 150 545 
f3788_14 109 2.28 100.012 5 45.805165985900395 82 495 
f3350_11 96 1.82 149.245 4 45.800726524892234 444 371 
f2538_60 116 1.91 99.7641 5 45.799411939044624 0 167 
f0843_06 113 2.05 150.488 4 45.78012081562426 239 355 
f0743_31 114 2.23 99.7641 5 45.77600876707994 7 333 
f0273_27 99 2.25 99.7641 5 45.76983991203446 583 240 
f1189_06 85 2.47 100.26 5 45.74869987136126 256 621 
f0036_39 92 1.74 150.488 4 45.73911814541051 429 259 
f1986_20 106 1.75 125.098 4 45.73536571210043 48 308 
f1588_11 109 2.81 105.227 5 45.730413124018156 228 34 
f0446_03 113 2.07 142.756 4 45.730322060051144 470 468 
f1205_25 102 1.84 155.498 4 45.72364381375106 426 380 
f3515_26 94 2.63 101.562 5 45.71775665745399 96 45 
f0209_30 87 1.48 158.939 4 45.68982640512558 281 246 
f1060_13 95 2.89 106.576 5 45.67882819398915 164 62 
f2355_85 113 3.72 124.316 5 45.67223946155271 550 347 
f3535_09 110 2.52 100.012 5 45.658271129608124 332 609 
f1643_46 112 2.52 100.012 5 45.658271129608124 161 588 
f0879_35 111 2.33 99.2051 5 45.63852554608085 530 72 
f3882_22 104 2.61 100.612 5 45.63632410460529 571 159 
f1397_09 114 2.16 158.552 4 45.63512218851611 275 410 
f0259_41 101 2.59 100.26 5 45.63361555331497 285 610 
f1062_28 112 3.89 157.662 5 45.62591034938764 321 349 
f3338_15 102 1.87 144.607 4 45.6056628374776 484 410 
f0577_19 105 2.67 101.523 5 45.60374344611904 28 210 
f1435_38 99 3.79 154.424 5 45.600805128818855 141 154 
f3598_35 116 2.29 161.555 4 45.5926139637681 224 185 
f1962_12 114 2.18 158.298 4 45.5880506868563 266 181 
f1631_40 109 1.96 156.38 4 45.55986580587161 176 365 
f1596_10 88 1.62 157.031 4 45.556776732896736 477 368 
f2402_75 116 2.68 101.268 5 45.53900310667073 304 615 
f1050_39 105 2.69 101.268 5 45.51097059632212 123 522 
f2026_32 111 2.06 149.864 4 45.510579823997915 296 165 
f3739_34 105 1.91 146.894 4 45.473532100025885 218 503 
f3960_19 117 4.14 156.81 5 45.47155273026443 360 188 
f0694_49 71 2.02 158.552 5 45.47100100162895 372 161 
f1888_11 78 2.54 153.952 5 45.46861920854547 301 467 
f0528_49 105 2.7 101.06 5 45.451755264631196 192 575 
f2518_67 111 3.89 157.662 5 45.438818661007375 426 303 
f1112_30 114 2.26 151.306 4 45.42744710284857 375 85 
f1698_35 105 1.92 149.245 4 45.424848932581575 352 458 
f1218_35 85 2.71 101.06 5 45.42313454931814 42 480 
f0240_02 111 2.66 100.069 5 45.4160227930462 567 493 
f1370_48 108 1.97 137.356 4 45.40190907415932 226 77 
f4011_12 114 2.28 139.212 4 45.39034864854385 532 333 
f3662_24 116 2.07 34.1002 5 45.38463759420259 308 694 
f1374_18 113 2.22 148.63 4 45.38451436798584 319 473 
f3873_37 116 2.46 155.733 4 45.37341330977091 423 263 
f1560_15 114 2.74 101.268 5 45.367759596776466 69 85 
f0720_38 101 2.74 101.268 5 45.367759596776466 100 517 
f0319_32 74 2.44 144.607 5 45.354489648198815 126 184 
f4004_35 115 2.37 154.85 4 45.34566784019428 369 288 
f3230_21 116 4.11 158.351 5 45.338470925456996 296 339 
f0321_36 108 2.7 100.26 5 45.329752331239604 448 576 
f3275_40 116 4.12 156.152 5 45.32572159834041 414 418 
f0166_12 96 2.76 101.268 5 45.30900447681509 581 362 
f3963_34 115 2.42 155.498 4 45.28470509563791 406 290 
f3840_05 117 4.26 147.394 5 45.2819816886886 531 370 
f1441_43 97 1.95 149.864 4 45.27683261818102 343 344 
f4046_46 105 1.82 34.4367 5 45.275842204671704 432 680 
f3316_22 106 1.96 138.72 4 45.26486925665319 235 65 
f0675_24 96 1.96 150.784 4 45.23423896448412 266 356 
f3631_34 111 2.18 153.201 4 45.23284979618976 426 146 
f3667_35 117 2.71 154.208 4 45.204536238967115 211 251 
f1961_34 84 1.57 156.152 4 45.19487339209988 267 277 
f0924_33 105 2.74 100.147 5 45.19305315637486 628 299 
f3351_27 116 2.61 155.617 4 45.19278240153476 104 205 
f1958_33 86 1.69 148.408 4 45.19130605845306 88 353 
f1959_39 87 3.56 157.475 5 45.19051840875837 213 463 
f2062_39 89 1.85 148.021 4 45.17877845822714 495 303 
f1653_02 107 2.0 156.828 4 45.172377053528756 491 222 
f1082_22 107 2.0 139.835 4 45.172377053528756 102 170 
f1257_26 92 2.82 101.523 5 45.1676791600716 436 545 
f3476_46 110 2.16 158.552 4 45.16361224696861 130 302 
f0344_25 112 3.8 123.544 5 45.153708770615786 70 185 
f0631_03 112 2.29 144.607 4 45.14310690656188 495 395 
f3130_44 111 3.93 147.417 5 45.13149991608079 190 350 
f2073_06 114 2.47 144.607 4 45.10147683738077 111 183 
f3207_05 112 2.32 154.208 4 45.09133126725494 128 200 
f2476_67 114 4.01 149.245 5 45.08687091535414 201 386 
f3874_15 113 2.29 121.284 4 45.07953974330377 552 307 
f3285_15 114 2.03 34.3801 5 45.07207846405623 25 6 
f3933_30 114 2.5 154.85 4 45.0676556687377 196 135 
f2169_69 80 1.06 106.626 4 45.06246692988262 299 34 
f3640_13 101 2.0 151.69 4 45.06046899670774 363 382 
f3897_45 114 4.02 124.316 5 45.04942257557528 85 156 
f3601_49 110 2.22 148.63 4 45.040077403537644 370 316 
f1704_29 113 2.43 154.208 4 45.021510236511425 130 329 
f1104_24 81 2.78 99.7641 5 45.00699744790611 20 404 
f1856_37 96 2.86 101.268 5 44.9996193550588 588 210 
f1915_00 71 2.25 125.098 5 44.985863613454605 87 160 
f3905_45 105 3.86 149.864 5 44.94192206284309 361 490 
f1072_34 84 3.4 149.864 5 44.94147209821895 326 337 
f0644_19 113 2.32 120.185 4 44.935912259095204 518 183 
f0995_43 97 2.88 101.268 5 44.93335664893934 553 136 
f1800_08 104 2.03 162.895 4 44.92751423099101 387 316 
f3370_37 114 4.16 149.253 5 44.92668429618428 222 221 
f1912_13 109 2.22 142.406 4 44.92350866266278 531 373 
f0565_03 99 3.87 150.488 5 44.909172133001306 269 357 
f1913_37 110 2.3 160.893 4 44.900531045884364 343 458 
f2118_60 110 2.3 139.835 4 44.900531045884364 421 99 
f2104_50 115 2.29 34.1837 5 44.89689408286341 704 282 
f3723_03 115 2.75 158.298 4 44.89434841669498 153 297 
f1486_35 82 1.62 144.607 4 44.893738818674976 177 487 
f1305_42 109 2.8 99.4531 5 44.89096749552432 567 195 
f3322_40 116 2.84 158.552 4 44.88989086090487 431 149 
f3262_45 87 1.89 155.093 4 44.871108363652546 478 308 
f1580_14 85 2.9 101.268 5 44.86547624152153 148 67 
f0032_27 75 2.54 121.284 5 44.85396983579564 497 447 
f0774_40 114 3.91 120.916 5 44.842785453743375 92 449 
f3862_40 115 2.79 156.152 4 44.84039690228579 321 412 
f3331_20 114 4.22 150.488 5 44.83856945584351 320 406 
f3327_11 117 2.95 156.81 4 44.831055836782994 109 306 
f3169_14 116 4.39 138.833 5 44.80560076706826 83 392 
f3117_11 116 3.18 106.302 5 44.79935028434984 366 37 
f1451_24 83 1.73 149.245 4 44.78080543690571 114 366 
f2142_69 115 4.13 121.655 5 44.77854266518161 545 229 
f2287_60 112 2.54 158.939 4 44.769382308363774 441 376 
f0059_21 110 2.38 151.69 4 44.766891850905516 347 257 
f2222_84 103 1.0 101.523 4 44.76651448321646 599 353 
f3911_34 114 3.16 106.88 5 44.765606757648314 133 95 
f4093_35 105 3.71 124.316 5 44.74201254032375 505 448 
f0568_00 103 3.89 157.662 5 44.725076658392084 374 397 
f2461_99 111 2.49 158.939 4 44.71996911507792 363 302 
f0552_46 79 1.26 157.662 4 44.712414860572586 169 290 
f2361_74 110 3.96 154.208 5 44.71217107321601 437 327 
f3630_14 105 2.96 101.563 5 44.70248344581589 41 163 
f0588_19 113 4.19 149.245 5 44.69836980787032 314 379 
f3298_12 112 2.03 33.8521 5 44.69829375168094 290 742 
f3718_40 114 4.31 160.724 5 44.69327022107154 388 186 
f0829_00 80 1.43 158.351 4 44.682169617736925 223 168 
f3784_14 86 3.0 102.296 5 44.678522982308586 28 195 
f0756_22 93 2.09 149.864 4 44.676593533234886 127 376 
f4001_45 115 2.89 150.488 4 44.67632353012775 403 243 
f2199_64 80 1.02 101.268 4 44.67411146216379 265 576 
f3654_03 113 2.74 157.688 4 44.65963087026572 290 310 
f1403_42 108 2.31 158.939 4 44.65955228063515 349 358 
f1816_24 70 2.35 149.245 5 44.65451944345518 419 296 
f3757_19 115 2.91 154.208 4 44.65424721235997 468 382 
f2203_77 106 2.19 156.828 4 44.651851350278406 217 516 
f3726_09 93 2.16 125.098 4 44.64370113611519 546 349 
f3669_35 114 4.34 139.835 5 44.636983385999855 515 413 
f3276_49 116 2.99 152.312 4 44.632544248973495 167 257 
f3962_36 111 2.56 159.585 4 44.62823950942418 112 250 
f0778_20 100 2.98 101.523 5 44.621724813127294 21 217 
f2475_66 107 2.27 156.828 4 44.61878761937861 490 397 
f2530_91 114 2.72 122.782 4 44.61079503190581 532 410 
f3507_42 109 2.42 155.498 4 44.59655380319371 344 279 
f2148_78 113 2.97 101.06 5 44.57877307328616 73 106 
f0861_29 88 3.76 148.928 5 44.5758167310966 419 467 
f2180_96 111 2.62 152.939 4 44.56109006309485 104 253 
f1167_31 96 2.12 151.69 4 44.558386861429085 239 490 
f1063_36 114 2.91 154.208 4 44.53493382452563 160 352 
f3427_21 117 4.55 144.607 5 44.53472364101812 525 294 
f2160_96 112 2.19 34.4367 5 44.51726786821238 72 622 
f3670_40 108 2.4 156.828 4 44.51493007722318 437 477 
f2076_31 109 2.33 121.284 4 44.49585778324613 69 394 
f3603_14 112 2.78 153.571 4 44.48491851056102 453 291 
f0589_20 94 2.14 156.81 4 44.48218279059088 384 364 
f0556_25 109 2.53 155.617 4 44.452850763331355 155 471 
f1398_48 96 2.15 155.498 4 44.444846265755324 454 183 
f2447_93 106 2.32 154.208 4 44.43610427696621 201 239 
f0981_17 111 2.74 157.688 4 44.42357632638922 122 346 
f2420_84 117 3.15 158.351 4 44.40982014764981 302 293 
f3781_28 109 2.57 156.152 4 44.400743898631575 437 192 
f0607_27 84 3.55 158.552 5 44.395645789519676 425 342 
f3259_15 114 2.99 152.312 4 44.39325340039484 245 428 
f0617_30 114 2.99 152.312 4 44.39325340039484 159 228 
f3248_19 117 3.03 122.782 4 44.38797711272606 47 329 
f3713_40 113 4.38 153.571 5 44.37734871292891 299 407 
f4031_33 114 1.12 101.268 4 44.371988221827834 168 38 
f1797_27 85 2.01 120.916 4 44.369286256814334 303 46 
f1169_08 114 2.46 34.6361 5 44.36592778168633 12 576 
f0851_41 88 3.8 155.498 5 44.34625527212794 176 244 
f2566_51 114 2.46 34.465 5 44.34406091209712 411 699 
f0683_02 105 2.32 153.708 4 44.33707334268752 113 352 
f4047_15 117 3.15 139.835 4 44.33169424354838 541 270 
f3407_40 110 4.04 149.864 5 44.33034425642885 307 422 
f0934_12 114 4.48 153.308 5 44.32129329689776 253 186 
f1080_00 89 2.08 158.939 4 44.306212748187406 271 414 
f1186_07 96 2.19 159.585 4 44.300487504603595 432 356 
f3930_25 112 2.91 154.208 4 44.29539787473609 390 483 
f0039_14 87 2.05 150.488 4 44.28831132637587 288 225 
f0356_41 90 3.87 143.461 5 44.28777288526393 357 67 
f3724_32 107 2.51 156.81 4 44.27140658103151 216 373 
f0574_03 94 2.32 119.463 4 44.27069511517344 51 364 
f1768_48 99 1.13 100.762 4 44.26797554592079 197 585 
f3144_39 114 4.23 125.098 5 44.262388718889135 232 58 
f3681_31 105 2.37 154.85 4 44.2598413636721 397 370 
f3572_03 110 2.13 34.4934 5 44.244774421664104 553 603 
f3312_28 100 1.44 107.193 4 44.22625942410786 231 41 
f1662_01 113 4.46 156.602 5 44.21289154221451 434 182 
f0791_04 102 1.16 101.014 4 44.21036869740119 574 425 
f0017_07 109 2.74 156.828 4 44.200676554359354 115 391 
f3950_44 110 2.83 155.733 4 44.19530823558606 502 316 
f1134_40 107 2.57 156.152 4 44.19522888944329 434 387 
f4028_44 109 1.19 101.523 4 44.19107467982643 537 452 
f4016_16 110 2.84 158.552 4 44.18315633373171 168 231 
f0421_33 88 3.09 101.523 5 44.16166577889688 367 611 
f0783_27 98 1.46 107.193 4 44.16134884031185 462 510 
f1436_39 103 1.2 101.523 4 44.159746339845015 119 534 
f0538_03 83 2.1 119.784 4 44.15903095719908 469 498 
f4014_43 112 2.99 152.312 4 44.15720281505991 284 279 
f0397_27 112 4.41 146.894 5 44.13999785073125 512 243 
f0573_31 107 2.62 152.939 4 44.13465657471564 194 315 
f3109_30 112 3.0 147.636 4 44.12121695887217 298 527 
f3402_08 115 1.14 34.2396 4 44.11896239551197 636 74 
f3447_20 114 3.11 144.269 4 44.1073656593388 515 415 
f0844_42 76 1.1 100.26 4 44.10519845726714 160 580 
f3493_27 119 3.36 157.031 4 44.09605311288732 202 247 
f1158_21 112 3.02 149.864 4 44.09256716069498 152 401 
f2405_90 105 2.5 156.828 4 44.09098772395888 325 521 
f2328_92 104 1.21 101.268 4 44.087847228376496 138 554 
f3785_26 97 2.26 148.603 4 44.0870594562031 417 156 
f2503_57 110 4.25 152.393 5 44.08362316790832 381 142 
f1337_29 78 1.43 148.376 4 44.07586476949649 323 73 
f2272_85 109 4.12 156.152 5 44.0707179079252 176 211 
f3917_03 115 3.2 155.617 4 44.06716833916838 343 88 
f3569_18 112 3.04 154.424 4 44.06583478877485 234 87 
f0213_49 72 1.13 101.523 4 44.05422343177234 44 180 
f0615_00 113 1.07 34.3801 4 44.05221517244965 4 6 
f0207_46 110 2.28 34.0447 5 44.03778620910908 7 6 
f2056_40 78 3.06 136.312 5 44.02986387572458 210 78 
f1154_00 65 2.2 150.488 5 44.0289229471749 302 109 
f3922_38 103 3.32 106.626 5 44.02860577337277 345 562 
f0172_40 112 4.41 137.747 5 44.02656105262719 450 489 
f3123_42 116 4.69 149.245 5 44.02024054649241 327 374 
f0557_33 97 1.23 101.268 4 44.01961152004134 20 363 
f0871_23 95 1.23 101.268 4 44.01961152004134 593 190 
f1779_01 104 1.74 109.978 4 43.99389905969943 481 504 
f1853_42 105 2.58 160.724 4 43.99187124449915 425 366 
f2010_38 115 4.66 150.488 5 43.98718205762112 272 459 
f0944_27 99 2.17 109.978 4 43.986445751503084 312 29 
f2068_36 105 1.7 109.753 4 43.976479516499204 390 44 
f3152_47 114 4.61 149.864 5 43.976048613699064 117 285 
f4067_23 116 3.28 154.424 4 43.97174576534473 168 480 
f2123_63 112 3.06 141.636 4 43.971741086114086 375 506 
f1458_19 109 4.2 148.63 5 43.9667779326141 409 414 
f3756_06 116 4.72 153.154 5 43.963869911914585 144 139 
f0840_37 108 3.14 101.562 5 43.94727226764167 29 133 
f1019_45 96 3.97 148.021 5 43.945046584209265 460 422 
f0827_09 109 4.22 150.488 5 43.94214196630258 304 300 
f1472_37 105 2.6 124.316 4 43.937760398106214 491 131 
f1025_22 105 2.63 152.393 4 43.93410270630185 252 260 
f1590_15 107 2.79 156.152 4 43.9308541656269 329 319 
f2109_65 104 1.26 101.268 4 43.916655179501866 165 36 
f3465_24 114 4.29 121.919 5 43.91593066037394 447 99 
f3363_42 89 1.32 102.556 4 43.91122360546796 484 568 
f1954_31 114 1.27 101.268 4 43.882209076923495 410 17 
f2190_52 114 3.23 162.895 4 43.88066597868966 219 323 
f0622_25 108 4.13 159.212 5 43.879588314407414 292 376 
f1754_35 104 2.6 157.44 4 43.87947630321519 376 499 
f2242_91 114 4.65 149.864 5 43.87132808918983 357 484 
f3258_46 111 2.44 34.2957 5 43.866594339390495 106 671 
f1450_34 114 2.59 34.2396 5 43.86324407202397 582 615 
f3243_44 117 3.36 157.031 4 43.86204006075587 329 327 
f2455_72 111 4.47 158.351 5 43.84714143224225 341 259 
f0750_18 100 1.98 34.1002 5 43.84251483538085 263 735 
f3968_18 117 3.37 156.828 4 43.83309915260303 449 127 
f0093_24 112 4.55 157.475 5 43.823925492675336 235 473 
f1778_11 101 1.21 99.5177 4 43.820974184921646 310 628 
f2161_58 105 2.35 108.25 4 43.81724827169531 47 405 
f3182_40 103 1.4 103.611 4 43.81022248202033 397 50 
f0167_33 93 3.33 105.51 5 43.78851777307219 198 545 
f2162_62 99 2.4 151.355 4 43.775248678059874 150 168 
f3184_11 113 4.63 150.149 5 43.76918731382414 91 341 
f0689_06 81 3.48 153.571 5 43.757353973396505 148 305 
f0775_24 105 2.79 156.152 4 43.736195206697154 438 213 
f1595_34 105 2.8 157.475 4 43.722826146124724 237 219 
f0668_31 105 2.39 107.193 4 43.72245881552286 403 53 
f2304_67 93 3.93 122.404 5 43.71725971051006 143 505 
f3549_47 114 3.23 128.023 4 43.7162166021716 82 437 
f1335_30 91 1.33 101.523 4 43.71535275219236 224 575 
f3866_43 99 3.18 101.268 5 43.70959715786571 357 10 
f3977_39 115 1.32 101.268 4 43.709408354330165 123 517 
f2229_88 97 2.68 120.423 4 43.70476958734024 508 144 
f1605_44 108 2.99 140.773 4 43.69813019856522 479 168 
f3837_30 113 3.25 147.976 4 43.695165749181506 324 295 
f2308_56 114 2.32 106.576 4 43.692937557055544 530 447 
f1506_35 96 1.87 106.083 4 43.69158848850666 506 132 
f2178_93 116 1.63 104.96 4 43.684359000924495 97 115 
f3861_21 117 3.42 150.391 4 43.68307223185808 275 87 
f3945_00 116 4.82 154.208 5 43.67937619759686 228 478 
f0236_17 104 2.77 154.208 4 43.6710830718178 293 131 
f2593_72 105 2.84 158.552 4 43.669378305544164 335 258 
f3859_23 112 1.93 105.787 4 43.668672035859714 49 403 
f0499_10 98 2.43 157.031 4 43.657455960180855 323 296 
f0656_11 84 2.11 150.784 4 43.65327425260073 180 376 
f3663_13 110 1.11 33.7702 4 43.65100726269143 738 340 
f3375_30 116 1.46 103.888 4 43.64835585203284 62 117 
f2515_57 111 1.86 105.51 4 43.64723861648449 275 35 
f0591_27 109 2.84 120.916 4 43.646479119892916 299 546 
f2250_52 105 2.86 156.81 4 43.64247299704637 256 184 
f1412_36 112 4.62 158.939 5 43.63846916249525 369 183 
f1789_37 110 3.15 158.351 4 43.633035365372116 354 380 
f1543_08 106 2.93 150.462 4 43.632327362870406 191 460 
f2238_86 105 2.87 158.298 4 43.628013713406794 237 351 
f3337_21 117 2.64 107.193 4 43.621706384181735 541 417 
f1352_27 98 2.46 156.81 4 43.611957589407574 386 172 
f3969_02 114 4.74 150.488 5 43.60525371311133 227 333 
f3314_25 108 2.36 105.51 4 43.5980953119505 35 230 
f0529_06 87 3.15 100.012 5 43.597049807407735 229 0 
f3165_11 118 2.34 102.556 4 43.593691754406656 387 585 
f1788_32 95 4.02 158.298 5 43.585906438065756 226 241 
f1273_29 104 2.82 139.835 4 43.58096238019855 116 448 
f3780_30 113 2.62 34.1837 5 43.57804728714743 695 489 
f1420_00 83 1.36 101.268 4 43.57100657069909 521 128 
f1532_16 109 3.13 155.498 4 43.56706749245211 489 259 
f3560_17 114 2.47 106.03 4 43.55244137414953 115 113 
f1885_29 111 1.38 101.523 4 43.54346617344304 113 69 
f3217_28 114 4.75 148.021 5 43.54326533820924 193 301 
f2111_87 113 3.29 139.835 4 43.54006574666482 452 490 
f3434_00 116 2.78 34.1837 5 43.537967535108095 733 208 
f3562_47 103 2.82 154.208 4 43.51886405721778 219 254 
f1332_24 104 4.08 157.475 5 43.51838261567742 186 155 
f3339_15 95 4.08 156.828 5 43.51838261567742 203 502 
f0115_34 104 4.08 157.475 5 43.51838261567742 352 332 
f0655_10 90 1.99 34.4367 5 43.51161063755462 677 173 
f2143_66 111 1.23 34.1837 4 43.49306470223936 682 194 
f4082_29 109 2.45 34.3238 5 43.489403294162976 734 288 
f0545_49 86 2.52 107.193 4 43.4823366892408 540 403 
f1405_35 94 4.11 146.894 5 43.478766303784155 463 440 
f0127_07 107 3.19 100.315 5 43.47188852782009 602 243 
f1702_13 111 3.26 149.554 4 43.46591042981103 299 165 
f0876_43 99 4.12 157.031 5 43.46472545475276 196 141 
f1622_16 107 4.31 160.724 5 43.461717620263066 123 361 
f0335_14 117 1.5 34.2957 4 43.44442836155421 245 705 
f1356_29 80 1.87 103.888 4 43.44348341651202 39 186 
f2193_99 114 4.81 157.031 5 43.44317820666546 262 433 
f3544_20 105 2.17 34.3519 5 43.43942658940929 710 276 
f3416_28 117 1.51 102.326 4 43.42987024838132 102 531 
f2395_78 104 4.16 149.253 5 43.429284085135365 264 312 
f2280_57 106 1.03 34.1002 4 43.42827520755957 248 720 
f3519_18 90 2.35 150.185 4 43.423168464681076 422 429 
f0763_30 98 1.5 102.556 4 43.4190983975313 73 92 
f2264_82 110 3.2 100.26 5 43.41358749852633 328 587 
f1275_19 105 3.01 155.617 4 43.41348295426288 351 83 
f2108_54 88 2.24 158.552 4 43.400118158873056 125 205 
f3587_27 114 2.1 102.355 4 43.398540890892455 49 158 
f1070_09 99 1.41 101.268 4 43.397248592206886 28 203 
f0989_33 96 2.52 157.688 4 43.39052202767972 142 263 
f0454_20 100 4.17 156.828 5 43.388483272741844 133 433 
f3833_03 81 1.37 100.315 4 43.380075415622144 10 402 
f3740_01 102 2.18 34.2396 5 43.37206396942897 397 712 
f2332_97 113 2.34 102.556 4 43.3712987554617 123 539 
f1847_26 100 1.61 101.851 4 43.3646637696979 369 4 
f0595_35 100 1.61 101.851 4 43.3646637696979 598 398 
f3770_21 105 2.23 34.1837 5 43.36408729845854 651 526 
f3964_40 102 1.42 101.268 4 43.361452456851886 43 502 
f3818_27 113 1.42 101.268 4 43.361452456851886 374 582 
f3804_08 112 3.35 156.22 4 43.347485138068286 452 441 
f4092_24 99 1.62 101.563 4 43.34241510077983 39 132 
f3677_29 113 3.39 150.488 4 43.3422836926115 162 392 
f3975_15 115 1.98 101.523 4 43.339323834943016 490 73 
f3586_05 108 1.61 101.523 4 43.339323834943016 214 28 
f2426_87 95 1.59 101.523 4 43.339323834943016 81 118 
f2506_77 99 2.0 101.523 4 43.339323834943016 34 210 
f3114_13 102 1.71 101.523 4 43.33932383494301 151 19 
f1503_02 81 1.75 101.523 4 43.33932383494301 19 399 
f1947_49 103 1.71 101.523 4 43.33932383494301 292 582 
f1353_42 101 1.75 101.523 4 43.33932383494301 364 592 
f3834_35 116 1.71 101.523 4 43.33932383494301 206 15 
f0539_34 110 1.71 101.523 4 43.33932383494301 523 112 
f1179_01 96 2.56 150.488 4 43.332818592820445 300 236 
f2145_89 87 2.16 101.523 4 43.330330167503 477 70 
f2133_68 96 4.21 156.38 5 43.32358658314426 350 212 
f3844_11 107 1.95 101.268 4 43.31961600299833 548 501 
f1367_00 92 1.79 101.268 4 43.31961600299833 519 92 
f2293_68 104 1.53 101.268 4 43.31961600299833 9 380 
f1688_24 106 1.88 101.268 4 43.31961600299833 414 40 
f1031_37 105 1.55 101.268 4 43.31961600299833 426 50 
f1561_30 103 1.58 101.268 4 43.31961600299833 493 529 
f0532_09 116 1.59 101.268 4 43.31961600299832 231 23 
f1663_13 93 4.15 152.312 5 43.3188519148225 159 153 
f1597_45 94 3.09 97.3543 5 43.31852632293193 620 356 
f3988_14 103 2.03 101.268 4 43.31818861778625 587 355 
f1284_38 86 2.19 159.585 4 43.31769733957673 407 410 
f2265_80 103 2.08 101.268 4 43.31554538063844 97 492 
f3352_39 113 2.12 101.268 4 43.31317140065361 499 95 
f1245_39 81 2.26 101.523 4 43.31283833147942 151 540 
f2072_32 105 4.27 152.669 5 43.30989734687387 453 315 
f2127_59 105 3.07 154.208 4 43.30428739991935 351 300 
f2129_55 113 1.49 101.014 4 43.29997543483295 330 610 
f2466_76 106 3.12 159.585 4 43.298697522145595 199 282 
f0381_28 96 4.23 139.835 5 43.29331228012558 199 522 
f4073_38 114 2.35 101.523 4 43.286675152636676 582 290 
f3992_46 94 1.36 99.5177 4 43.284072153666585 265 625 
f3181_10 97 2.24 34.2396 5 43.27756244734353 285 737 
f2345_87 113 2.2 100.762 4 43.268302418158264 372 613 
f3161_02 111 2.08 100.612 4 43.264708537048065 404 612 
f0297_05 105 4.3 149.847 5 43.26415128121606 453 135 
f0011_13 103 2.41 101.523 4 43.26360867119076 586 275 
f3848_28 117 2.42 101.563 4 43.260622348675554 520 525 
f2113_94 116 2.42 101.563 4 43.260622348675554 564 440 
f3502_45 115 1.47 34.2676 4 43.26061115583346 397 726 
f1630_21 112 2.48 102.037 4 43.25917548169334 401 598 
f1057_34 116 3.12 97.7426 5 43.2581887077268 11 220 
f1233_46 112 3.42 104.96 5 43.25695439900414 445 67 
f0571_24 75 1.02 34.4934 5 43.255939544112174 511 653 
f3984_32 111 2.43 101.563 4 43.25430922573792 16 151 
f1616_04 114 2.43 101.563 4 43.25430922573792 576 478 
f3673_48 114 3.35 123.162 4 43.25430795262574 148 503 
f2529_70 108 3.23 162.895 4 43.253631880361226 204 140 
f1124_24 114 2.26 100.762 4 43.25330610575656 153 11 
f1235_34 104 2.3 34.5218 5 43.24306691938676 525 662 
f4005_01 115 1.81 100.26 4 43.241611176655134 479 55 
f0653_02 98 2.74 160.236 4 43.23459646696529 470 284 
f2168_66 97 2.46 101.523 4 43.231308004365026 50 462 
f3763_41 105 3.11 153.351 4 43.22878412029282 319 506 
f2134_58 100 4.27 154.7 5 43.22794326320379 426 168 
f1527_46 116 1.93 100.012 4 43.222387135693154 286 627 
f1540_20 111 1.93 100.012 4 43.222387135693154 63 89 
f0536_45 85 2.64 107.193 4 43.21925189076033 544 202 
f0071_21 77 1.73 139.835 4 43.2081375841783 473 462 
f2538_60 116 1.91 99.7641 4 43.203180023802034 0 167 
f2032_22 77 3.28 156.81 5 43.19953805285364 284 396 
f1345_41 105 2.34 34.4934 5 43.19675673141348 674 494 
f1818_11 96 4.27 139.835 5 43.196165194000656 73 242 
f1907_22 107 2.99 120.549 4 43.19326284830437 44 310 
f3788_14 109 2.28 100.012 4 43.18887020786594 82 495 
f0743_31 114 2.23 99.7641 4 43.18309535497322 7 333 
f2172_67 114 1.58 88.1817 5 43.18067284769991 187 627 
f0807_16 87 3.27 100.857 5 43.1795415993679 49 153 
f0273_27 99 2.25 99.7641 4 43.17780090655858 583 240 
f2547_96 114 4.92 162.895 5 43.164254985977145 231 411 
f3701_44 112 3.29 101.268 5 43.163306376362556 440 547 
f1620_12 88 2.53 101.268 4 43.15895376383214 572 372 
f2580_69 109 4.62 148.946 5 43.1569795212278 274 98 
f3473_21 113 2.56 101.523 4 43.15572309412745 6 274 
f0956_32 110 3.35 157.688 4 43.14915419636109 219 258 
f0696_13 115 1.51 34.3238 4 43.14783166176671 519 674 
f3320_18 111 1.37 34.1002 4 43.14028716501714 54 609 
f0819_13 107 4.48 153.308 5 43.13988406964794 267 462 
f0523_42 102 2.34 34.3801 5 43.13960747363172 348 699 
f3857_01 110 2.57 101.523 4 43.134063923592215 366 582 
f1189_06 85 2.47 100.26 4 43.121701008806724 256 621 
f3494_34 116 2.93 34.128 5 43.12057576699607 630 55 
f4003_07 99 4.33 139.835 5 43.11867120733864 172 104 
f3431_32 116 3.59 162.895 4 43.113286169165676 348 315 
f0879_35 111 2.33 99.2051 4 43.109792017973696 530 72 
f0708_14 100 4.34 139.835 5 43.109499057831954 463 122 
f0899_05 97 2.32 34.1837 5 43.109214959339944 598 578 
f0869_20 78 2.47 101.523 4 43.106523144012634 568 424 
f0535_19 105 4.39 150.75 5 43.10299204822056 221 95 
f0467_18 96 3.44 104.688 5 43.10299110782632 363 563 
f2243_87 98 4.34 148.63 5 43.09924280800444 275 282 
f3700_25 114 4.89 144.469 5 43.0915625964706 96 340 
f4023_00 105 3.16 139.835 4 43.084648548016894 167 498 
f0781_31 108 2.5 34.0447 5 43.08389187599897 543 648 
f0730_41 74 1.46 125.098 4 43.06446891209254 236 62 
f1643_46 112 2.52 100.012 4 43.06292247965135 161 588 
f3535_09 110 2.52 100.012 4 43.06292247965135 332 609 
f1111_02 114 3.52 149.245 4 43.0419730285016 266 211 
f0621_33 107 2.63 102.355 4 43.02485063659578 150 545 
f0259_41 101 2.59 100.26 4 43.02312334133018 285 610 
f2035_49 108 3.32 146.402 4 43.01989915863479 154 458 
f3310_44 109 3.37 156.38 4 42.99944451223899 284 486 
f0870_31 100 4.2 121.541 5 42.995786522486654 545 263 
f3882_22 104 2.61 100.612 4 42.99408743849463 571 159 
f3515_26 94 2.63 101.562 4 42.988236542593256 96 45 
f1804_32 85 2.52 120.916 4 42.98326707429023 197 69 
f3970_25 117 3.71 153.351 4 42.97723856503418 498 389 
f0652_30 102 3.11 153.351 4 42.97471729865312 78 328 
f0709_40 113 1.51 87.4264 5 42.9673835748647 13 133 
f0729_08 78 1.25 87.4264 5 42.96738357486469 556 80 
f3209_08 116 1.35 87.4264 5 42.96738357486469 179 611 
f1761_43 100 4.42 147.794 5 42.96467349250875 435 456 
f1883_03 103 2.04 87.4264 5 42.963970444430224 611 449 
f0382_03 107 2.38 87.8024 5 42.96395461553359 122 11 
f1956_19 106 4.49 151.073 5 42.95876374188556 368 466 
f0682_48 105 2.39 87.8024 5 42.95783826847206 126 595 
f3274_27 117 3.32 101.014 5 42.95559337035271 480 85 
f1623_09 78 2.06 149.864 4 42.95037864071701 304 371 
f0758_07 102 1.12 34.5789 4 42.94972541170951 673 96 
f3810_05 104 3.21 153.571 4 42.94138719397723 497 262 
f2493_99 108 4.64 149.554 5 42.93918163406957 246 100 
f2596_86 114 2.22 87.4264 5 42.93792865903611 629 183 
f2289_62 114 3.39 102.583 5 42.93288408388944 120 537 
f1533_23 115 3.39 102.583 5 42.93288408388944 450 18 
f4012_13 110 4.63 137.845 5 42.928420654462805 270 540 
f3426_23 96 2.88 154.208 4 42.92483178220224 282 428 
f0875_02 96 2.88 154.208 4 42.92483178220224 446 292 
f2534_96 113 1.77 87.2396 5 42.91368421058579 619 443 
f1162_15 85 2.25 157.475 4 42.91145031287255 276 210 
f1982_16 78 2.07 156.828 4 42.90731876776664 169 464 
f3266_12 111 3.34 101.268 5 42.90730230750978 296 1 
f3226_21 99 1.04 34.6074 4 42.905675398745146 195 687 
f2495_59 112 4.43 121.166 5 42.896955612539934 51 357 
f1545_40 92 4.18 107.193 5 42.89130426752622 41 265 
f1700_36 103 3.43 103.362 5 42.88834252736731 9 337 
f3858_25 116 3.43 103.362 5 42.88834252736731 48 151 
f0577_19 105 2.67 101.523 4 42.88715001309692 28 210 
f3895_38 115 3.62 156.828 4 42.88422705234942 97 354 
f1500_25 89 4.14 155.498 5 42.87644038924567 132 355 
f0901_39 103 1.19 34.3238 4 42.872171081184824 642 519 
f0520_25 87 2.35 150.185 4 42.85993062808232 364 144 
f0612_11 103 4.27 106.626 5 42.85279268592539 223 564 
f0108_12 105 3.61 106.626 5 42.85279268592538 116 501 
f0748_15 91 3.65 106.626 5 42.85279268592538 567 300 
f1466_48 93 3.34 101.014 5 42.852466364268935 25 154 
f2402_75 116 2.68 101.268 4 42.8489834409067 304 615 
f3871_42 114 3.58 155.093 4 42.84408777549999 211 350 
f0240_02 111 2.66 100.069 4 42.83980283766195 567 493 
f2411_88 109 3.43 154.424 4 42.837251746863714 295 510 
f0055_09 106 3.27 99.2726 5 42.83635621900881 373 589 
f3153_49 114 3.27 99.2726 5 42.83635621900881 133 66 
f1288_23 61 1.58 98.5445 5 42.834004209093216 221 590 
f1765_33 107 3.16 120.916 4 42.83064095789197 535 205 
f1050_39 105 2.69 101.268 4 42.823431637634755 123 522 
f2551_80 112 4.93 153.571 5 42.817207349092364 469 406 
f2482_62 108 4.68 149.245 5 42.813743517398386 398 174 
f1796_21 98 2.14 86.8684 5 42.79193646700513 483 25 
f0528_49 105 2.7 101.06 4 42.78671425639167 192 575 
f3879_35 113 1.57 34.3801 4 42.77767926635069 703 201 
f2576_66 114 3.66 105.499 5 42.77293286506259 191 553 
f3224_05 104 3.29 150.488 4 42.76620835869135 408 338 
f1218_35 85 2.71 101.06 4 42.76066975720095 42 480 
f1462_01 105 4.56 157.475 5 42.75502661749404 486 324 
f0555_35 86 4.11 105.249 5 42.75460248871411 485 102 
f0211_26 108 1.96 86.6909 5 42.75370659311095 648 280 
f1010_11 103 2.44 87.2396 5 42.744223838155186 604 152 
f0321_36 108 2.7 100.26 4 42.74387917488773 448 576 
f2102_52 108 4.7 148.63 5 42.74246774536851 261 143 
f1588_11 109 2.81 105.227 4 42.74233247313717 228 34 
f3690_41 105 4.57 156.828 5 42.73162150701278 143 141 
f3766_48 105 3.34 156.152 4 42.72975943457247 324 419 
f2524_58 82 3.82 107.193 5 42.72465933636201 82 154 
f1586_22 103 4.39 104.687 5 42.71254463232773 283 31 
f3643_29 109 2.51 87.4264 5 42.711609991956045 614 161 
f4070_43 100 4.52 148.681 5 42.70536741089647 73 268 
f1560_15 114 2.74 101.268 4 42.693346319594 69 85 
f0720_38 101 2.74 101.268 4 42.693346319594 100 517 
f1743_33 75 1.83 123.065 4 42.68306717444595 342 44 
f4024_12 110 1.51 34.3238 4 42.6755156803436 732 283 
f3514_20 113 2.21 86.5003 5 42.671385163018016 144 4 
f3373_36 114 3.65 137.177 4 42.66097448338331 198 519 
f0762_20 106 2.42 86.8636 5 42.65617109031626 221 628 
f2019_34 104 3.3 124.316 4 42.65500310269232 434 88 
f1519_36 111 3.73 103.867 5 42.64901892290054 386 46 
f0166_12 96 2.76 101.268 4 42.6401851625314 581 362 
f3604_21 106 4.63 154.85 5 42.63971365359007 428 206 
f0924_33 105 2.74 100.147 4 42.62924417266227 628 299 
f1378_08 99 1.19 34.2676 4 42.628826613273844 443 704 
f3244_38 103 4.23 103.611 5 42.628644328761574 471 75 
f1060_13 95 2.89 106.576 4 42.628560735501765 164 62 
f0659_24 111 4.82 139.835 5 42.61970335893943 537 256 
f1208_33 73 3.04 107.193 5 42.60961421132365 366 35 
f1824_18 104 3.36 154.424 4 42.60446992257558 464 439 
f1790_11 99 2.5 33.9344 5 42.59658034390537 606 6 
f4090_35 111 2.6 87.4264 5 42.5801226539312 476 15 
f3129_16 101 3.72 102.842 5 42.56584691168295 16 238 
f0826_18 105 3.72 102.842 5 42.56584691168295 224 25 
f3385_08 108 4.47 108.011 5 42.55845190514838 285 35 
f0962_04 110 1.55 34.1558 4 42.55774659824042 403 684 
f0971_24 78 3.55 155.617 5 42.556334815859294 442 121 
f3657_40 111 4.95 147.476 5 42.546614295108746 353 507 
f0511_03 102 3.55 102.609 5 42.54633401324427 61 439 
f3410_19 112 4.43 102.609 5 42.54633401324426 602 396 
f3121_43 106 4.09 102.609 5 42.54633401324426 318 4 
f3559_23 110 4.09 102.609 5 42.54633401324426 587 323 
f2079_27 115 4.5 102.609 5 42.54633401324426 522 540 
f3958_42 114 3.41 101.268 5 42.54593736110354 322 14 
f1368_03 104 1.33 85.97 5 42.53837924786944 376 637 
f2578_68 114 3.5 120.916 4 42.53463593729216 449 102 
f0563_12 64 2.58 148.962 5 42.52444767021497 336 525 
f3428_02 113 4.44 102.296 5 42.51976047147481 9 424 
f1839_31 95 4.28 124.316 5 42.518758279688136 121 474 
f3367_07 114 4.48 102.07 5 42.500313255488905 108 49 
f2509_53 109 4.48 102.07 5 42.500313255488905 587 166 
f1257_26 92 2.82 101.523 4 42.49462151734061 436 545 
f1104_24 81 2.78 99.7641 4 42.494022310027596 20 404 
f3954_30 117 3.91 139.835 4 42.48756331431713 79 209 
f1193_46 98 3.21 156.152 4 42.48614890519029 381 156 
f4008_34 103 3.47 101.851 5 42.4812548714425 6 240 
f1573_06 70 1.2 148.021 4 42.47617530135398 289 370 
f1795_30 109 4.89 160.236 5 42.47101653325876 400 403 
f3474_05 110 2.83 34.3519 5 42.467695690869995 700 319 
f0733_34 107 2.12 85.7734 5 42.4666497703673 298 644 
f3511_46 108 1.52 34.1558 4 42.46148015468778 551 619 
f1735_22 104 4.39 101.601 5 42.45923726513777 175 579 
f1294_12 99 3.7 101.563 5 42.455868882317425 27 120 
f1547_06 111 4.03 101.563 5 42.45586888231741 536 482 
f1081_19 94 4.41 101.562 5 42.455780119168196 371 5 
f0347_04 116 3.83 101.562 5 42.455780119168196 587 235 
f1357_25 84 4.04 101.523 5 42.452313267698614 36 210 
f3380_04 111 4.01 101.523 5 42.452313267698614 368 611 
f2351_74 114 4.18 101.523 5 42.452313267698614 496 97 
f0075_46 99 4.01 101.523 5 42.452313267698614 520 526 
f4032_33 108 3.93 101.523 5 42.45231326769861 592 268 
f0751_28 105 3.93 101.523 5 42.45231326769861 309 11 
f0546_38 74 1.74 139.835 4 42.44117686199038 507 177 
f0088_22 96 4.31 123.358 5 42.44081712651825 428 81 
f3541_02 111 3.62 154.208 4 42.440716717729984 287 258 
f3211_20 109 4.06 101.31 5 42.43326055490833 212 9 
f0503_44 96 3.84 101.31 5 42.43326055490833 24 266 
f3782_00 114 3.77 101.31 5 42.43326055490832 577 448 
f3348_00 107 3.58 101.268 5 42.429480983218674 106 505 
f2137_90 87 4.39 101.268 5 42.42948098321867 193 560 
f1395_14 88 4.29 101.268 5 42.42948098321867 504 42 
f0792_07 111 4.03 101.268 5 42.42948098321867 371 570 
f4086_36 105 3.9 101.268 5 42.42948098321867 485 89 
f0636_12 103 4.05 101.268 5 42.42948098321867 147 47 
f0450_41 111 4.25 101.268 5 42.42948098321867 21 320 
f1505_21 91 3.55 101.268 5 42.42948098321867 607 289 
f2086_25 105 4.06 101.268 5 42.42948098321867 77 134 
f3106_05 115 3.74 101.268 5 42.42948098321867 315 605 
f0923_31 107 4.37 101.268 5 42.42948098321866 555 458 
f3948_41 101 4.37 101.268 5 42.42948098321866 341 600 
f2235_81 112 4.37 101.268 5 42.42948098321866 415 26 
f1305_42 109 2.8 99.4531 4 42.416703134954204 567 195 
f0320_41 113 3.43 101.104 5 42.41463860135622 167 25 
f1204_09 110 4.25 101.06 5 42.410638221645094 238 579 
f3894_37 109 4.91 152.036 5 42.388981438336735 459 235 
f2558_96 96 3.62 100.762 5 42.383294970506526 366 21 
f0904_04 92 4.3 100.762 5 42.38329497050651 210 581 
f1932_09 87 2.56 150.488 4 42.38023729144934 124 272 
f3391_40 116 1.9 85.4145 5 42.36834290394802 583 493 
f4033_05 105 1.9 85.4145 5 42.36834290394802 18 102 
f1856_37 96 2.86 101.268 4 42.367654965371926 588 210 
f2487_92 77 2.14 156.38 4 42.357012530814714 460 182 
f2084_07 104 3.46 157.662 4 42.340514648463504 456 173 
f1848_43 104 3.46 157.662 4 42.340514648463504 269 479 
f1296_02 80 4.0 100.26 5 42.33629304881033 467 30 
f0735_17 109 3.84 100.26 5 42.33629304881033 603 259 
f3297_22 110 4.46 100.26 5 42.33629304881033 389 1 
f0517_23 92 4.41 148.021 5 42.33293666200563 271 178 
f2172_67 114 1.58 88.1817 4 42.32571710462713 187 627 
f3600_46 113 4.36 100.125 5 42.3234477391158 591 389 
f2374_59 114 4.2 100.069 5 42.31809409824445 555 412 
f0872_30 84 3.52 100.012 5 42.31262768902079 473 21 
f1109_36 100 4.16 100.012 5 42.31262768902079 591 306 
f4006_12 114 4.15 100.012 5 42.312627689020786 577 428 
f1425_23 108 4.18 100.012 5 42.312627689020786 542 118 
f3460_47 115 4.38 100.012 5 42.312627689020786 507 544 
f3921_41 111 3.8 100.012 5 42.312627689020786 112 46 
f0995_43 97 2.88 101.268 4 42.310242743506315 553 136 
f3747_12 63 2.68 106.88 5 42.3091702118626 563 253 
f0005_26 73 3.03 100.26 5 42.30790080477161 23 382 
f3808_45 106 1.52 34.3519 4 42.303695435858565 608 51 
f2223_83 114 3.59 99.8243 5 42.294519133743364 482 573 
f3891_31 116 4.45 99.7641 5 42.28867449304773 402 3 
f0815_12 114 4.4 99.7641 5 42.28867449304773 112 521 
f1265_03 105 4.4 99.7641 5 42.28867449304773 331 605 
f1237_18 87 2.61 149.864 4 42.28833961560525 366 365 
f3661_19 115 3.88 157.031 4 42.27577291885189 394 208 
f1671_40 100 4.67 150.488 5 42.27501606780143 237 436 
f0709_40 113 1.51 87.4264 4 42.27011886571013 13 133 
f0729_08 78 1.25 87.4264 4 42.270118865710124 556 80 
f3209_08 116 1.35 87.4264 4 42.270118865710124 179 611 
f0040_25 106 4.76 149.864 5 42.26742065107914 147 392 
f1883_03 103 2.04 87.4264 4 42.2668517656808 611 449 
f2103_60 111 3.46 99.5177 5 42.264559778154336 478 573 
f1708_22 92 3.43 99.5177 5 42.264559778154336 25 388 
f3865_26 116 1.01 2.26613 5 42.26365513747905 1162 754 
f2534_96 113 1.77 87.2396 4 42.25639534869 619 443 
f1580_14 85 2.9 101.268 4 42.25146256792284 148 67 
f3533_31 114 4.58 102.842 5 42.247993712326775 18 452 
f2596_86 114 2.22 87.4264 4 42.24192369440351 629 183 
f1963_27 114 3.96 99.2726 5 42.24026929082302 507 536 
f1022_17 101 3.96 99.2726 5 42.24026929082302 180 593 
f0798_05 83 3.49 99.2051 5 42.233523775350726 580 300 
f1542_30 93 4.48 155.498 5 42.22871658861147 229 388 
f0211_26 108 1.96 86.6909 4 42.216127770714955 648 280 
f1796_21 98 2.14 86.8684 4 42.21575062507328 483 25 
f0684_13 79 4.27 101.523 5 42.20795868843886 215 9 
f1098_11 105 4.78 156.602 5 42.20676330201649 252 497 
f2249_75 87 2.89 134.166 4 42.204984669059016 227 533 
f2177_57 69 2.93 101.268 5 42.20011680965078 109 518 
f3282_28 105 1.53 34.3238 4 42.196978106725666 602 43 
f0863_41 115 2.48 85.5936 5 42.194930227634956 12 122 
f0365_07 76 2.12 157.031 4 42.19476517361675 308 181 
f1381_00 97 4.62 159.585 5 42.193903351633146 261 452 
f3688_07 107 3.59 162.895 4 42.19388727412158 363 178 
f0382_03 107 2.38 87.8024 4 42.192633066558166 122 11 
f1933_13 105 4.72 143.893 5 42.18935084046905 156 185 
f0682_48 105 2.39 87.8024 4 42.18680585617932 126 595 
f3996_02 101 4.38 122.404 5 42.186672906554165 545 263 
f2355_85 113 3.72 124.316 4 42.18497609837273 550 347 
f3514_20 113 2.21 86.5003 4 42.17699066490824 144 4 
f3147_41 114 3.59 98.5445 5 42.166278370382564 154 25 
f0767_25 87 3.83 98.5445 5 42.166278370382564 423 34 
f1368_03 104 1.33 85.97 4 42.16330268539187 376 637 
f0733_34 107 2.12 85.7734 4 42.13718627846406 298 644 
f0658_30 101 4.74 150.462 5 42.13138561962545 462 359 
f3391_40 116 1.9 85.4145 4 42.12262218610527 583 493 
f4033_05 105 1.9 85.4145 4 42.12262218610527 18 102 
f1399_06 90 2.51 85.4371 5 42.1045136037477 86 565 
f1669_41 105 3.57 157.688 4 42.096731369912035 335 275 
f1634_38 98 3.39 163.436 4 42.095525173859734 339 110 
f1010_11 103 2.44 87.2396 4 42.09376908083851 604 152 
f3630_14 105 2.96 101.563 4 42.089424661226296 41 163 
f0762_20 106 2.42 86.8636 4 42.08580513278393 221 628 
f3537_23 92 4.49 162.222 5 42.082056167833095 183 445 
f3838_46 116 3.18 34.1558 5 42.064947444313916 639 31 
f3437_17 116 1.04 3.72635 5 42.05962151949789 735 888 
f0880_16 103 3.54 148.143 4 42.04474633493207 151 132 
f0023_08 106 4.73 139.835 5 42.039479211848594 496 176 
f2225_86 72 1.7 160.236 4 42.03942873776116 415 392 
f0042_43 74 1.31 34.1558 5 42.03749836416676 113 655 
f3795_00 104 4.83 150.717 5 42.02545582661098 101 247 
f3643_29 109 2.51 87.4264 4 42.02524806492477 614 161 
f0778_20 100 2.98 101.523 4 42.02252387545304 21 217 
f3784_14 86 3.0 102.296 4 42.01880609576632 28 195 
f2148_78 113 2.97 101.06 4 42.01849854202628 73 106 
f2412_86 110 1.72 34.4084 4 42.012561726042875 639 28 
f2291_65 116 1.09 2.52063 5 42.01093887137522 1109 689 
f3257_17 105 4.84 149.864 5 42.007531735622365 164 167 
f0734_39 105 4.84 149.864 5 42.007531735622365 191 262 
f3371_34 116 4.65 100.012 5 41.99195265424304 28 114 
f1149_46 60 2.59 149.864 5 41.98711044459937 355 242 
f0725_46 100 2.7 33.9894 5 41.98546551977802 711 360 
f1461_46 88 1.06 34.0447 4 41.98217417595801 275 695 
f3150_21 114 1.02 2.25452 5 41.98099837491917 839 1086 
f0200_38 55 2.36 155.733 5 41.980440824636894 219 240 
f3942_06 116 1.1 2.55508 5 41.978004769654596 959 922 
f2512_54 111 4.63 122.782 5 41.97027502119393 499 449 
f3479_08 114 1.03 2.03277 5 41.96117901458692 1043 1152 
f0456_45 105 1.62 34.2116 4 41.94226239869526 27 15 
f0749_12 105 4.89 160.236 5 41.92892852366415 338 457 
f2548_84 112 3.84 150.488 4 41.9278927016196 429 442 
f1008_28 107 4.81 139.095 5 41.92650782468475 526 365 
f0345_23 110 1.05 120.916 3 41.9220605424351 108 131 
f2173_74 110 3.01 33.9619 5 41.91598493681985 653 552 
f0863_41 115 2.48 85.5936 4 41.911233091355854 12 122 
f3761_12 105 4.88 149.864 5 41.90735653529591 377 336 
f1886_18 101 2.75 34.2396 5 41.90695914201765 172 720 
f4090_35 111 2.6 87.4264 4 41.899333669608026 476 15 
f0284_34 97 1.03 121.284 3 41.896513344870776 263 550 
f3117_11 116 3.18 106.302 4 41.88929154295303 366 37 
f2394_84 113 4.66 100.762 5 41.88447298671239 27 185 
f1262_42 105 3.64 144.607 4 41.8768973263225 487 206 
f3438_08 114 1.06 2.06277 5 41.87297528857407 1022 1061 
f1784_17 97 3.46 154.208 4 41.86274914116638 269 171 
f1399_06 90 2.51 85.4371 4 41.85772071395605 86 565 
f0505_13 89 3.13 156.828 4 41.853854751921546 149 453 
f1554_25 101 4.85 154.424 5 41.851534881363236 106 400 
f2470_80 116 1.13 3.05925 5 41.848996656562186 425 1131 
f3911_34 114 3.16 106.88 4 41.848579842655994 133 95 
f1750_06 113 1.02 2.13946 5 41.84216506013586 970 1064 
f0633_18 106 4.95 156.81 5 41.839179659493134 456 359 
f0189_49 86 2.85 144.607 4 41.83777266737689 422 490 
f2012_46 105 4.93 158.939 5 41.83231761370825 251 372 
f2372_55 104 4.7 135.372 5 41.827563203257554 182 87 
f0344_25 112 3.8 123.544 4 41.81658640595812 70 185 
f4033_05 105 1.9 85.4145 3 41.81592949123974 18 102 
f3391_40 116 1.9 85.4145 3 41.81592949123974 583 493 
f1105_31 97 4.49 120.549 5 41.80648476761429 67 407 
f1062_28 112 3.89 157.662 4 41.80405930873681 321 349 
f1711_35 87 2.94 155.498 4 41.80316674189683 369 250 
f3806_01 106 4.95 150.488 5 41.790293980978845 130 241 
f1117_18 96 3.47 144.047 4 41.776221245879974 206 93 
f2476_67 114 4.01 149.245 4 41.77188381523249 201 386 
f4066_22 113 1.18 125.098 3 41.77052705317871 200 75 
f3132_12 113 1.02 3.27705 5 41.769585059360566 1082 512 
f3729_27 115 1.13 2.53717 5 41.76408760555733 406 1179 
f3633_29 114 1.09 2.52063 5 41.76317596609227 977 917 
f2473_81 116 1.15 3.33236 5 41.7605289026189 976 719 
f0272_13 94 3.43 157.031 4 41.755754897791356 328 450 
f0733_34 107 2.12 85.7734 3 41.75530056233101 298 644 
f3415_33 115 1.01 5.28725 5 41.753643181009444 842 128 
f1054_20 93 3.41 157.688 4 41.752367224993776 220 401 
f4095_43 114 3.2 34.3238 5 41.75135518034554 355 695 
f1368_03 104 1.33 85.97 3 41.7406101456581 376 637 
f1004_07 113 4.69 100.012 5 41.737065597834494 615 360 
f3897_45 114 4.02 124.316 4 41.73671744178445 85 156 
f2222_84 103 1.0 101.523 3 41.73265882849046 599 353 
f2492_72 105 4.63 107.193 5 41.71797890082654 485 484 
f3662_24 116 2.07 34.1002 4 41.70426462778001 308 694 
f2199_64 80 1.02 101.268 3 41.678505467373185 265 576 
f1608_37 108 3.77 148.63 4 41.668894866265504 208 307 
f3285_15 114 2.03 34.3801 4 41.6556805430395 25 6 
f2518_67 111 3.89 157.662 4 41.655305885309694 426 303 
f0211_26 108 1.96 86.6909 3 41.64645580834269 648 280 
f3514_20 113 2.21 86.5003 3 41.64589235957733 144 4 
f3710_43 114 1.05 4.69165 5 41.637664887674674 957 339 
f2292_70 112 1.03 2.79229 5 41.63524507554836 1130 390 
f3991_38 113 1.08 2.82521 5 41.63349301114568 1144 400 
f0421_33 88 3.09 101.523 4 41.6292497353583 367 611 
f1394_16 99 4.89 154.85 5 41.62921388307872 186 350 
f0478_10 85 2.8 155.018 4 41.62535099121853 157 481 
f0920_11 94 3.5 157.475 4 41.61904203570712 361 241 
f2546_62 106 3.74 150.488 4 41.61662956714075 250 106 
f1796_21 98 2.14 86.8684 3 41.6105371506211 483 25 
f0774_40 114 3.91 120.916 4 41.608669076079764 92 449 
f1724_42 114 1.13 3.28594 5 41.58515532166223 744 975 
f2016_39 110 4.67 105.51 5 41.58277456656568 233 42 
f3685_08 116 1.11 5.29187 5 41.58009858435227 863 214 
f2534_96 113 1.77 87.2396 3 41.57743841492177 619 443 
f0863_41 115 2.48 85.5936 3 41.567421200066654 12 122 
f1875_21 114 1.16 2.13303 5 41.566704010544754 1109 944 
f2369_56 113 1.11 2.50355 5 41.56408085048975 153 1177 
f0718_13 101 2.86 86.6839 5 41.55853506173111 449 0 
f1550_34 106 2.89 34.0171 5 41.556217860269165 738 330 
f3130_44 111 3.93 147.417 4 41.55483914220974 190 350 
f0709_40 113 1.51 87.4264 3 41.55445760704073 13 133 
f3209_08 116 1.35 87.4264 3 41.554457607040725 179 611 
f0729_08 78 1.25 87.4264 3 41.554457607040725 556 80 
f1988_11 95 3.56 150.75 4 41.551850506843046 371 487 
f1883_03 103 2.04 87.4264 3 41.55120648103623 611 449 
f0395_15 114 1.3 120.916 3 41.55038814060643 513 172 
f2559_95 73 3.21 124.548 5 41.55029599230589 490 468 
f1385_36 91 4.6 149.245 5 41.548193762779725 268 368 
f1399_06 90 2.51 85.4371 3 41.54684323922408 86 565 
f3341_29 115 1.14 4.33611 5 41.54679879323962 427 1001 
f3973_27 114 1.0 5.42874 5 41.54447175651722 757 475 
f1439_27 102 4.74 133.205 5 41.536137514942624 80 382 
f2596_86 114 2.22 87.4264 3 41.526400854546175 629 183 
f0694_49 71 2.02 158.552 4 41.51887770718053 372 161 
f0968_30 87 3.1 159.585 4 41.516420831932116 263 442 
f4093_35 105 3.71 124.316 4 41.49023684863087 505 448 
f2142_69 115 4.13 121.655 4 41.48858866895159 545 229 
f3110_25 116 1.13 5.435 5 41.483822174541025 688 5 
f2418_82 107 4.73 100.012 5 41.483306335498675 491 61 
f1942_21 114 4.73 100.012 5 41.483306335498675 264 11 
f3504_46 114 4.73 100.012 5 41.483306335498675 163 15 
f0762_20 106 2.42 86.8636 3 41.48209776546811 221 628 
f0549_39 97 4.7 104.139 5 41.47729675470894 36 295 
f3291_47 90 3.41 151.031 4 41.47675757749468 379 510 
f1443_09 103 3.72 150.488 4 41.47563001706009 426 312 
f3215_34 114 1.19 2.06923 5 41.474779547969725 1012 1084 
f0572_15 104 3.74 139.332 4 41.47255335320932 338 535 
f3230_21 116 4.11 158.351 4 41.4722785881448 296 339 
f2105_51 57 2.63 139.835 5 41.471047054186684 142 118 
f2147_79 114 1.19 2.23406 5 41.46813374616463 1178 724 
f2172_67 114 1.58 88.1817 3 41.46414326501904 187 627 
f0776_08 90 4.68 107.262 5 41.45394872521887 354 30 
f0840_37 108 3.14 101.562 4 41.44362265219454 29 133 
f3666_48 103 3.73 149.864 4 41.44201812145025 287 372 
f1116_09 110 4.74 99.5177 5 41.44127253228128 260 620 
f3960_19 117 4.14 156.81 4 41.436903520988984 360 188 
f3749_27 117 1.18 5.43291 5 41.43441856415735 762 457 
f3249_21 118 1.22 5.30511 5 41.42901092839591 763 9 
f1010_11 103 2.44 87.2396 3 41.41558567956491 604 152 
f3275_40 116 4.12 156.152 4 41.414753289119766 414 418 
f1483_44 88 4.5 152.754 5 41.408326867999996 318 133 
f0382_03 107 2.38 87.8024 3 41.40442025750994 122 11 
f0682_48 105 2.39 87.8024 3 41.398625580838306 126 595 
f4031_33 114 1.12 101.268 3 41.3981178596334 168 38 
f3777_32 114 1.19 3.28415 5 41.39757096978547 1109 255 
f2041_22 101 1.71 34.2676 4 41.39568417543317 734 221 
f0237_46 92 3.57 156.81 4 41.39111699632311 304 148 
f4053_14 91 1.56 34.1558 4 41.39007941837111 82 630 
f3606_19 77 2.33 138.557 4 41.389832921372765 122 138 
f0706_13 97 4.92 150.488 5 41.383028105783296 436 356 
f1575_36 117 1.22 5.04263 5 41.38084375723005 274 886 
f1283_24 98 4.97 157.44 5 41.36804572802869 154 150 
f1768_48 99 1.13 100.762 3 41.364969592866764 197 585 
f3298_12 112 2.03 33.8521 4 41.35430264660026 290 742 
f1837_00 116 1.29 2.05782 5 41.34297682620486 984 1185 
f3301_38 96 4.71 106.083 5 41.342744012857175 227 49 
f1659_04 107 4.75 100.51 5 41.33625658272695 588 351 
f2361_74 110 3.96 154.208 4 41.333126317459964 437 327 
f3773_14 114 1.23 2.24634 5 41.331320122079816 1190 614 
f0452_37 78 3.82 162.222 5 41.32960800006302 388 446 
f3643_29 109 2.51 87.4264 3 41.310831406897485 614 161 
f3581_23 115 1.25 3.28263 5 41.3080262566367 1036 34 
f1606_19 95 3.7 155.733 4 41.302339893370295 386 384 
f2429_95 113 1.18 3.30096 5 41.291435907002835 874 1013 
f0210_17 104 1.34 125.098 3 41.28636994563773 58 386 
f0791_04 102 1.16 101.014 3 41.280190315771236 574 425 
f0512_15 114 1.25 2.06109 5 41.2682722234124 882 1169 
f0585_26 110 3.17 34.4084 5 41.26349452635371 106 651 
f0354_10 53 2.46 156.828 5 41.262761205547065 505 322 
f1819_37 99 3.75 158.552 4 41.26207701266746 459 426 
f4046_46 105 1.82 34.4367 4 41.2610425812677 432 680 
f3866_43 99 3.18 101.268 4 41.2598208657246 357 10 
f0759_41 112 1.16 2.81502 5 41.25386305061054 885 944 
f0529_06 87 3.15 100.012 4 41.25050397204651 229 0 
f3922_38 103 3.32 106.626 4 41.24396677614149 345 562 
f1721_26 114 1.12 5.3771 5 41.231351067622235 624 715 
f1597_45 94 3.09 97.3543 4 41.22433858867621 620 356 
f0601_32 59 1.99 87.4264 5 41.21532713726859 515 41 
f1178_03 110 1.09 2.27963 5 41.20646458692608 894 1200 
f0162_02 100 1.39 121.284 3 41.20169820273435 52 305 
f4028_44 109 1.19 101.523 3 41.19974721605844 537 452 
f3102_36 113 1.14 4.71356 5 41.198669357404455 759 784 
f4090_35 111 2.6 87.4264 3 41.18559434117086 476 15 
f3273_45 110 1.1 2.13981 5 41.183825963690296 728 1183 
f2309_54 81 2.52 157.688 4 41.1791288308916 424 252 
f3300_25 114 1.24 3.72635 5 41.17860109921119 317 1035 
f1436_39 103 1.2 101.523 3 41.17090323087886 119 534 
f1435_38 99 3.79 154.424 4 41.16844794269655 141 154 
f1670_20 109 1.05 2.51914 5 41.150642406157935 469 1181 
f1712_10 115 1.31 2.24398 5 41.148820536903436 818 1111 
f1057_34 116 3.12 97.7426 4 41.13737367650217 11 220 
f2328_92 104 1.21 101.268 3 41.136033668697245 138 554 
f2185_57 115 1.21 5.29319 5 41.12763804729352 392 867 
f0127_07 107 3.19 100.315 4 41.12105057276424 602 243 
f1225_06 112 1.21 2.52287 5 41.115488271286914 635 1154 
f1206_36 105 1.43 121.284 3 41.11504480420575 466 489 
f3905_45 105 3.86 149.864 4 41.111302313367645 361 490 
f1778_11 101 1.21 99.5177 3 41.11004782402319 310 628 
f1456_41 113 1.1 5.42804 5 41.10348597895588 414 790 
f0116_23 92 1.43 120.916 3 41.102476653245596 524 409 
f0167_33 93 3.33 105.51 4 41.091676560717 198 545 
f4096_14 113 1.5 125.098 3 41.087057745685954 318 554 
f2264_82 110 3.2 100.26 4 41.07477695639007 328 587 
f0871_23 95 1.23 101.268 3 41.07360298173643 593 190 
f0557_33 97 1.23 101.268 3 41.07360298173643 20 363 
f1091_00 114 1.3 2.51728 5 41.068251675513125 604 1132 
f3387_42 112 1.1 5.02292 5 41.06360648016882 328 892 
f0718_13 101 2.86 86.6839 4 41.061421273296006 449 0 
f0293_40 109 1.08 2.82521 5 41.0487419246034 337 1134 
f0526_22 90 4.71 139.835 5 41.047874786615516 280 60 
f0534_00 109 4.77 105.51 5 41.0424385096317 511 127 
f0164_32 109 1.04 3.72635 5 41.03626967792779 996 551 
f0777_12 114 1.24 4.68491 5 41.03605069440665 249 959 
f3461_23 117 1.96 156.38 3 41.02890956303147 137 376 
f3578_27 116 1.29 5.00418 5 41.02021758668306 948 796 
f3157_23 106 3.09 34.5218 5 41.014003117648976 381 735 
f3563_46 113 1.17 5.04743 5 41.010274922301086 884 279 
f2169_69 80 1.06 106.626 3 41.009348764009964 299 34 
f3407_40 110 4.04 149.864 4 41.00736259979183 307 422 
f2458_53 111 1.07 5.03784 5 40.9802455539676 36 849 
f2109_65 104 1.26 101.268 3 40.97955541400843 165 36 
f1024_46 111 1.21 2.52287 5 40.977413468522705 218 1200 
f0410_43 93 4.9 158.145 5 40.97712894904583 147 313 
f3430_38 117 1.4 2.544 5 40.970824476030714 82 1188 
f0565_03 99 3.87 150.488 4 40.96831795403986 269 357 
f2139_75 82 2.27 34.4934 5 40.96068451586469 516 647 
f4094_49 94 4.81 101.268 5 40.94982909676026 125 59 
f1954_31 114 1.27 101.268 3 40.94813072008696 410 17 
f4021_01 116 2.06 120.916 3 40.94596423486125 529 203 
f1123_09 114 1.33 2.78926 5 40.94247391657756 51 1107 
f1591_47 107 1.02 2.25452 5 40.93184977435761 695 1153 
f0196_10 114 1.22 5.30511 5 40.931457421039454 387 841 
f1998_10 110 1.1 4.29699 5 40.92617489852842 47 967 
f0568_00 103 3.89 157.662 4 40.91817063474503 374 397 
f3370_37 114 4.16 149.253 4 40.91603408061957 222 221 
f3852_32 110 1.17 3.28568 5 40.90234530599422 990 669 
f2415_79 99 4.78 108.82 5 40.90003294603825 385 52 
f0614_14 91 4.83 99.5177 5 40.88862568338751 30 421 
f2377_66 111 1.24 2.49386 5 40.878254869017205 1035 783 
f2055_31 96 1.58 124.316 3 40.86495439993256 486 471 
f2423_88 113 1.19 5.3091 5 40.864037826815775 848 353 
f3216_33 108 4.87 88.7373 5 40.842460228995265 458 4 
f0807_16 87 3.27 100.857 4 40.83328044343197 49 153 
f3328_45 117 1.35 5.30843 5 40.83064955832843 687 716 
f3592_19 110 1.1 4.70153 5 40.82673565748372 502 931 
f1469_25 82 4.84 99.7641 5 40.824868149894385 115 64 
f3144_39 114 4.23 125.098 4 40.82303535846568 232 58 
f3363_42 89 1.32 102.556 3 40.822587981034864 484 568 
f1728_02 115 1.29 5.36553 5 40.812805037160956 764 30 
f3649_28 117 1.39 4.65712 5 40.810979292980804 153 958 
f0513_18 95 4.85 98.3041 5 40.805211356145 551 100 
f0596_26 111 2.99 86.3174 5 40.79994787049669 331 642 
f3840_05 117 4.26 147.394 4 40.79406656179473 531 370 
f3701_44 112 3.29 101.268 4 40.79273240982287 440 547 
f0810_40 84 2.46 34.128 5 40.79084195100769 208 714 
f3977_39 115 1.32 101.268 3 40.790802265000316 123 517 
f1668_08 101 4.83 103.625 5 40.782012776881004 510 68 
f1203_10 107 1.07 2.51969 5 40.780918561840494 884 983 
f2573_61 114 1.9 125.098 3 40.775566550619274 327 551 
f3579_30 116 1.42 2.78549 5 40.77176235175752 983 802 
f1335_30 91 1.33 101.523 3 40.765805547438106 224 575 
f1915_00 71 2.25 125.098 4 40.762994091574086 87 160 
f1603_40 110 1.22 3.27857 5 40.74759565976968 253 1078 
f1602_35 108 1.11 3.28085 5 40.74694186240987 729 976 
f2346_88 104 4.69 88.1817 5 40.74506339092261 631 338 
f1568_21 110 1.24 2.43585 5 40.74461300167892 1070 1200 
f1806_29 115 2.06 123.929 3 40.74106333358353 435 80 
f0032_27 75 2.54 121.284 4 40.73935300897439 497 447 
f0721_31 108 1.04 4.39681 5 40.73449773476196 995 150 
f0041_30 96 1.63 124.706 3 40.72474121108684 395 58 
f3605_17 116 1.43 2.24685 5 40.72269971070014 1087 864 
f1019_45 96 3.97 148.021 4 40.71969131769607 460 422 
f2413_87 114 3.41 34.2676 5 40.71661485076314 671 486 
